0 0.0
1 459.3759072808255
2 391.53279447041626
3 352.4218857773168
4 324.4179866446366
5 302.69919615528534
6 285.1335886509579
7 270.52002804742085
8 258.1112415136842
9 247.40075527948085
10 238.03348094703588
11 229.74880280612447
12 222.35229039305156
13 215.69433865174287
14 209.65864378691762
15 204.15267628509667
16 199.1022573651303
17 194.44683644203775
18 190.1366802893445
19 186.13034905083055
20 182.3931304922253
21 178.89560892921094
22 175.61274135521847
23 172.52300536568154
24 169.6078275264757
25 166.85105445700364
26 164.23858478687012
27 161.75802884506115
28 159.39846364066383
29 157.15020693509788
30 155.0046493767302
31 152.9541003842858
32 150.99167032343394
33 149.1111627876911
34 147.30699012080763
35 145.5740965181131
36 143.90789630067545
37 142.30421792392406
38 140.75925810322724
39 139.26954029551942
40 137.8318800449611
41 136.4433536765545
42 135.10127173281384
43 133.80315500100807
44 132.54671389234423
45 131.32982984622814
46 130.1505391581939
47 129.00701841407303
48 127.89757170961785
49 126.82061915362917
50 125.77468670841617
51 124.75839705323911
52 123.77046145846175
53 122.80967247015515
54 121.87489736108341
55 120.96507222081102
56 120.07919662859597
57 119.21632883071764
58 118.37558136475224
59 117.55611708418267
60 116.75714553096763
61 115.97791962864838
62 115.21773265077866
63 114.47591544851478
64 113.75183389891916
65 113.04488656446298
66 112.35450253120884
67 111.68013942012756
68 111.0212815442982
69 110.37743820889142
70 109.74814213139354
71 109.13294798047005
72 108.53143101508113
73 107.94318582306317
74 107.36782514431685
75 106.80497877818841
76 106.25429256302822
77 105.71542742758366
78 105.18805850445698
79 104.67187430521894
80 104.16657594912036
81 103.67187644489465
82 103.18750001894696
83 102.71318148929599
84 102.2486656796991
85 101.79370687321854
86 101.34806830059826
87 100.91152166266856
88 100.48384668293254
89 100.06483068955843
90 99.65426822357934
91 99.25196067257367
92 98.85771592716266
93 98.47134805965386
94 98.09267702261252
95 97.72152836671691
96 97.35773297606669
97 97.00112682032156
98 96.65155072211061
99 96.30885013914254
100 95.97287495967356
101 95.64347931038596
102 95.32052137494101
103 95.0038632229313
104 94.69337064960006
105 94.38891302696123
106 94.0903631648246
107 93.79759717938379
108 93.51049436832193
109 93.22893709321455
110 92.95281066864908
111 92.68200325708425
112 92.41640576916805
113 92.15591176919075
114 91.90041738513013
115 91.64982122324736
116 91.40402428687864
117 91.16292989922962
118 90.92644362989442
119 90.69447322485415
120 90.4669285396761
121 90.24372147575414
122 90.02476591936585
123 89.80997768342311
124 89.59927445173373
125 89.39257572566582
126 89.18980277302346
127 88.99087857904105
128 88.79572779934584
129 88.60427671478332
130 88.4164531880106
131 88.2321866217881
132 88.05140791891506
133 87.874049443752
134 87.70004498520191
135 87.52932972099411
136 87.36184018305148
137 87.19751422391299
138 87.03629098430478
139 86.87811086200878
140 86.72291548189979
141 86.57064766680965
142 86.4212514090104
143 86.27467184253624
144 86.13085521665171
145 85.98974887031804
146 85.85130120716158
147 85.71546167083139
148 85.58218072110662
149 85.45140981098126
150 85.32310136444524
151 85.19720875462052
152 85.07368628236249
153 84.95248915553296
154 84.83357346894421
155 84.71689618479927
156 84.60241511352618
157 84.49008889511359
158 84.37987698103314
159 84.27173961663759
160 84.16563782391836
161 84.06153338472033
162 83.95938882448412
163 83.85916739633672
164 83.76083306555878
165 83.66435049449996
166 83.56968502787518
167 83.47680267838075
168 83.38567011269907
169 83.2962546378631
170 83.20852418792212
171 83.12244731094516
172 83.03799315635283
173 82.95513146253278
174 82.87383254475499
175 82.79406728339373
176 82.71580711239733
177 82.63902400804993
178 82.56369047799258
179 82.48977955049088
180 82.41726476396038
181 82.34612015672842
182 82.27632025702593
183 82.20784007321777
184 82.14065508424385
185 82.07474123027822
186 82.01007490359895
187 81.94663293965819
188 81.88439260834998
189 81.82333160547333
190 81.76342804437753
191 81.70466044779182
192 81.647007739825
193 81.59044923815155
194 81.5349646463485
195 81.48053404640838
196 81.42713789140382
197 81.37475699830782
198 81.32337254097237
199 81.27296604324492
200 81.223519372236
201 81.17501473172636
202 81.12743465570682
203 81.08076200205963
204 81.0349799463665
205 80.99007197584402
206 80.94602188340211
207 80.90281376183603
208 80.86043199811768
209 80.81886126782278
210 80.77808652965578
211 80.73809302010021
212 80.69886624816677
213 80.66039199024921
214 80.62265628508929
215 80.58564542883894
216 80.54934597021699
217 80.51374470577535
218 80.47882867524063
219 80.44458515696724
220 80.411001663466
221 80.37806593703031
222 80.34576594544245
223 80.31408987776753
224 80.28302614022954
225 80.2525633521645
226 80.22269034205863
227 80.19339614366086
228 80.16466999216533
229 80.1365013204808
230 80.10887975555461
231 80.08179511479192
232 80.05523740251425
233 80.02919680651146
234 80.00366369464766
235 79.97862861153342
236 79.95408227526536
237 79.93001557422616
238 79.90641956393866
239 79.88328546399252
240 79.8606046550208
241 79.83836867573007
242 79.81656922000234
243 79.79519813403678
244 79.77424741355327
245 79.75370920104879
246 79.73357578309843
247 79.71383958771496
248 79.69449318175093
249 79.67552926836017
250 79.65694068449946
251 79.63872039847189
252 79.62086150752586
253 79.60335723549511
254 79.58620093048293
255 79.56938606259008
256 79.55290622168282
257 79.53675511520301
258 79.52092656602578
259 79.50541451034218
260 79.49021299559959
261 79.47531617846349
262 79.46071832282567
263 79.44641379785303
264 79.43239707605814
265 79.41866273142314
266 79.40520543754457
267 79.39201996581983
268 79.37910118366197
269 79.36644405275464
270 79.35404362732709
271 79.34189505247889
272 79.3299935625144
273 79.31833447932404
274 79.30691321079087
275 79.29572524921689
276 79.28476616979805
277 79.27403162910527
278 79.26351736360951
279 79.25321918822344
280 79.24313299487994
281 79.23325475112271
282 79.22358049873861
283 79.21410635240184
284 79.20482849834957
285 79.1957431930806
286 79.18684676207693
287 79.17813559854882
288 79.16960616220322
289 79.16125497803372
290 79.15307863513492
291 79.14507378553313
292 79.13723714304565
293 79.1295654821555
294 79.12205563690571
295 79.11470449982019
296 79.10750902083706
297 79.10046620626457
298 79.09357311775767
299 79.0868268713094
300 79.08022463626305
301 79.07376363434119
302 79.06744113869351
303 79.06125447296156
304 79.05520101035683
305 79.04927817276541
306 79.04348342985249
307 79.03781429820404
308 79.03226834046245
309 79.02684316449582
310 79.02153642257154
311 79.01634581054539
312 79.01126906707435
313 79.00630397283086
314 79.00144834974355
315 78.99670006023875
316 78.992057006509
317 78.98751712978557
318 78.98307840962927
319 78.9787388632288
320 78.97449654471816
321 78.9703495444996
322 78.96629598858814
323 78.9623340379562
324 78.95846188789918
325 78.9546777674111
326 78.95097993856433
327 78.9473666959122
328 78.94383636589332
329 78.94038730624888
330 78.93701790545377
331 78.93372658215304
332 78.93051178461428
333 78.92737199018146
334 78.92430570474791
335 78.92131146223463
336 78.91838782407764
337 78.91553337872034
338 78.91274674112853
339 78.91002655229869
340 78.90737147878514
341 78.90478021222928
342 78.90225146890532
343 78.89978398926613
344 78.89737653750142
345 78.89502790110254
346 78.892736890436
347 78.89050233832688
348 78.88832309964329
349 78.88619805089581
350 78.88412608983894
351 78.88210613508123
352 78.88013712570397
353 78.87821802088797
354 78.87634779953738
355 78.87452545992537
356 78.8727500193358
357 78.8710205137116
358 78.86933599731732
359 78.86769554239727
360 78.86609823884717
361 78.86454319389205
362 78.86302953176302
363 78.86155639338627
364 78.86012293607888
365 78.85872833324343
366 78.85737177407212
367 78.85605246325751
368 78.8547696207068
369 78.85352248125938
370 78.85231029441604
371 78.8511323240639
372 78.84998784821215
373 78.84887615873366
374 78.84779656110805
375 78.84674837416802
376 78.84573092985642
377 78.8447435729827
378 78.84378566098404
379 78.84285656369148
380 78.84195566310609
381 78.84108235316347
382 78.84023603952414
383 78.83941613934856
384 78.83862208108731
385 78.83785330427281
386 78.837109259311
387 78.83638940728065
388 78.83569321973768
389 78.83502017851873
390 78.83436977554989
391 78.833741512661
392 78.83313490139828
393 78.83254946284922
394 78.83198472746088
395 78.83144023486594
396 78.83091553371489
397 78.83041018150301
398 78.82992374441305
399 78.82945579714432
400 78.82900592276208
401 78.82857371253522
402 78.82815876578947
403 78.82776068975018
404 78.82737909939935
405 78.82701361733014
406 78.82666387360243
407 78.82632950560729
408 78.82601015792558
409 78.82570548219336
410 78.82541513697373
411 78.8251387876255
412 78.82487610617336
413 78.82462677118328
414 78.8243904676449
415 78.82416688684279
416 78.82395572624526
417 78.82375668938431
418 78.82356948574227
419 78.82339383064205
420 78.82322944513221
421 78.82307605588558
422 78.82293339508712
423 78.82280120033481
424 78.82267921453496
425 78.82256718580125
426 78.82246486736067
427 78.8223720174507
428 78.82228839922956
429 78.82221378068122
430 78.82214793452341
431 78.82209063811955
432 78.8220416733902
433 78.8220008267239
434 78.8219678888973
435 78.8219426549879
436 78.8219249242942
437 78.82191450025455
438 78.82191119036911
439 78.82191480612202
440 78.82192516290453
441 78.82194207994488
442 78.82196538022694
443 78.82199489042772
444 78.82203044083982
445 78.82207186530653
446 78.82211900115088
447 78.82217168911174
448 78.82222977327628
449 78.82229310101731
450 78.82236152292884
451 78.82243489276422
452 78.8225130673782
453 78.8225959066647
454 78.82268327349601
455 78.82277503367062
456 78.82287105585613
457 78.82297121152811
458 78.82307537492215
459 78.82318342297813
460 78.82329523528921
461 78.82341069404646
462 78.82352968399444
463 78.82365209237672
464 78.82377780888983
465 78.8239067256362
466 78.824038737075
467 78.82417373997816
468 78.8243116333838
469 78.82445231855472
470 78.82459569893244
471 78.82474168009507
472 78.8248901697155
473 78.82504107752317
474 78.8251943152591
475 78.82534979664092
476 78.82550743731916
477 78.82566715484398
478 78.8258288686268
479 78.82599249990172
480 78.82615797168992
481 78.82632520876551
482 78.82649413762118
483 78.826664686434
484 78.82683678503103
485 78.82701036485714
486 78.82718535894344
487 78.82736170187371
488 78.82753932975882
489 78.82771818019862
490 78.82789819226116
491 78.82807930644279
492 78.82826146464937
493 78.82844461016464
494 78.8286286876192
495 78.82881364296794
496 78.82899942346403
497 78.82918597762651
498 78.82937325522235
499 78.82956120723648
500 78.82974978584913
501 78.82993894441228
502 78.83012863742303
503 78.8303188205034
504 78.83050945037694
505 78.83070048484407
506 78.83089188276445
507 78.83108360402994
508 78.8312756095486
509 78.8314678612204
510 78.8316603219197
511 78.83185295547294
512 78.83204572663973
513 78.83223860109514
514 78.8324315454069
515 78.83262452702245
516 78.83281751424784
517 78.83301047622918
518 78.83320338293551
519 78.8333962051433
520 78.83358891441965
521 78.83378148310297
522 78.83397388429002
523 78.8341660918174
524 78.83435808024986
525 78.83454982485962
526 78.83474130161675
527 78.83493248717203
528 78.8351233588404
529 78.8353138945925
530 78.8355040730347
531 78.835693873401
532 78.83588327553383
533 78.83607225987699
534 78.83626080745938
535 78.83644889988288
536 78.83663651930941
537 78.8368236484536
538 78.83701027056156
539 78.83719636940963
540 78.83738192928574
541 78.83756693498151
542 78.83775137178056
543 78.83793522544724
544 78.83811848221788
545 78.83830112878884
546 78.83848315230524
547 78.83866454035432
548 78.83884528095348
549 78.83902536254128
550 78.83920477396758
551 78.83938350448639
552 78.8395615437431
553 78.83973888177036
554 78.8399155089739
555 78.84009141613062
556 78.84026659437481
557 78.8404410351921
558 78.84061473041201
559 78.84078767219904
560 78.84095985304583
561 78.84113126576575
562 78.8413019034836
563 78.8414717596318
564 78.84164082793981
565 78.84180910242992
566 78.8419765774096
567 78.84214324746208
568 78.84230910744557
569 78.8424741524817
570 78.84263837795234
571 78.84280177948844
572 78.84296435297478
573 78.8431260945315
574 78.84328700051498
575 78.84344706751261
576 78.84360629233532
577 78.84376467201126
578 78.84392220378287
579 78.84407888510046
580 78.84423471361721
581 78.84438968718476
582 78.84454380384551
583 78.8446970618326
584 78.84484945956156
585 78.84500099562545
586 78.84515166879241
587 78.84530147800325
588 78.84545042235999
589 78.84559850112706
590 78.84574571372723
591 78.84589205973596
592 78.84603753887703
593 78.84618215101894
594 78.84632589617298
595 78.84646877448654
596 78.84661078624178
597 78.84675193185042
598 78.8468922118509
599 78.8470316269057
600 78.8471701777959
601 78.84730786542049
602 78.84744469079172
603 78.84758065503
604 78.84771575936608
605 78.84785000513035
606 78.84798339375926
607 78.84811592678453
608 78.84824760583328
609 78.84837843262474
610 78.8485084089697
611 78.84863753676522
612 78.84876581799107
613 78.84889325471235
614 78.84901984907097
615 78.84914560328627
616 78.84927051965333
617 78.84939460053762
618 78.84951784837638
619 78.84964026567324
620 78.84976185499899
621 78.84988261898503
622 78.85000256032761
623 78.85012168177855
624 78.85023998614892
625 78.85035747630562
626 78.850474155167
627 78.85059002570371
628 78.8507050909364
629 78.85081935393306
630 78.8509328178084
631 78.85104548571987
632 78.85115736086965
633 78.85126844649838
634 78.85137874588942
635 78.85148826236133
636 78.85159699926915
637 78.85170496000461
638 78.8518121479908
639 78.8519185666839
640 78.85202421956949
641 78.8521291101643
642 78.85223324201064
643 78.85233661867859
644 78.85243924376348
645 78.85254112088442
646 78.85264225368313
647 78.85274264582318
648 78.85284230098887
649 78.85294122288298
650 78.85303941522852
651 78.85313688176235
652 78.85323362623959
653 78.85332965243194
654 78.85342496412196
655 78.85351956510682
656 78.85361345919709
657 78.85370665021215
658 78.8537991419831
659 78.85389093835079
660 78.85398204316333
661 78.85407246027827
662 78.85416219355952
663 78.85425124687596
664 78.85433962410335
665 78.85442732912142
666 78.85451436581312
667 78.85460073806654
668 78.85468644976945
669 78.85477150481388
670 78.85485590709115
671 78.85493966049427
672 78.85502276891533
673 78.85510523624616
674 78.85518706637603
675 78.85526826319547
676 78.85534883058727
677 78.85542877243628
678 78.85550809262034
679 78.85558679501453
680 78.85566488348935
681 78.85574236190926
682 78.85581923413419
683 78.8558955040179
684 78.85597117540615
685 78.85604625213972
686 78.85612073805055
687 78.8561946369638
688 78.85626795269594
689 78.8563406890546
690 78.85641284983917
691 78.85648443883979
692 78.8565554598352
693 78.85662591659583
694 78.85669581288182
695 78.85676515244107
696 78.85683393901189
697 78.85690217632167
698 78.85696986808505
699 78.85703701800408
700 78.85710362977154
701 78.85716970706507
702 78.85723525355003
703 78.85730027288092
704 78.85736476869624
705 78.85742874462434
706 78.85749220427664
707 78.85755515125251
708 78.8576175891383
709 78.85767952150307
710 78.8577409519052
711 78.85780188388517
712 78.85786232097091
713 78.85792226667503
714 78.85798172449334
715 78.8580406979097
716 78.85809919038944
717 78.85815720538461
718 78.85821474632867
719 78.85827181664379
720 78.85832841973216
721 78.8583845589811
722 78.85844023776303
723 78.85849545943348
724 78.85855022732893
725 78.85860454477468
726 78.85865841507476
727 78.85871184151969
728 78.85876482738135
729 78.85881737591541
730 78.8588694903608
731 78.85892117393973
732 78.85897242985672
733 78.85902326130119
734 78.85907367144172
735 78.85912366343341
736 78.8591732404118
737 78.85922240549839
738 78.85927116179302
739 78.85931951238061
740 78.85936746032951
741 78.85941500868799
742 78.85946216049065
743 78.85950891875154
744 78.85955528646784
745 78.85960126662154
746 78.85964686217348
747 78.85969207607073
748 78.85973691124082
749 78.85978137059388
750 78.8598254570235
751 78.85986917340364
752 78.85991252259481
753 78.85995550743574
754 78.85999813075084
755 78.86004039534517
756 78.86008230400762
757 78.86012385950889
758 78.86016506460277
759 78.86020592202487
760 78.86024643449649
761 78.86028660471685
762 78.86032643537158
763 78.8603659291275
764 78.86040508863569
765 78.86044391652796
766 78.8604824154209
767 78.86052058791212
768 78.8605584365846
769 78.86059596400173
770 78.86063317271211
771 78.86067006524739
772 78.86070664412
773 78.86074291182813
774 78.86077887085129
775 78.86081452365305
776 78.86084987268254
777 78.86088492036747
778 78.86091966912323
779 78.86095412134732
780 78.86098827941939
781 78.86102214570532
782 78.861055722552
783 78.86108901229322
784 78.86112201724337
785 78.86115473970257
786 78.86118718195412
787 78.86121934626502
788 78.8612512348889
789 78.86128285005898
790 78.86131419399686
791 78.86134526890523
792 78.86137607697448
793 78.86140662037532
794 78.86143690126623
795 78.86146692179014
796 78.86149668407081
797 78.86152619022133
798 78.86155544233667
799 78.86158444249848
800 78.86161319276994
801 78.86164169520515
802 78.8616699518368
803 78.86169796468616
804 78.86172573575934
805 78.8617532670474
806 78.86178056052506
807 78.86180761815733
808 78.86183444188946
809 78.86186103365335
810 78.86188739536965
811 78.86191352894137
812 78.86193943625756
813 78.86196511919535
814 78.86199057961583
815 78.86201581936747
816 78.86204084028334
817 78.86206564418247
818 78.86209023287407
819 78.86211460814735
820 78.86213877178432
821 78.862162725548
822 78.86218647119085
823 78.86221001045176
824 78.8622333450569
825 78.86225647671823
826 78.86227940713336
827 78.86230213798987
828 78.86232467096022
829 78.86234700770305
830 78.86236914986826
831 78.86239109908927
832 78.8624128569875
833 78.86243442517224
834 78.86245580524164
835 78.86247699877833
836 78.86249800735494
837 78.86251883253189
838 78.86253947585699
839 78.86255993886452
840 78.86258022307831
841 78.86260033000977
842 78.86262026115932
843 78.86264001801283
844 78.86265960204878
845 78.86267901473025
846 78.86269825751013
847 78.86271733182916
848 78.86273623911876
849 78.86275498079668
850 78.86277355826991
851 78.86279197293432
852 78.86281022617625
853 78.86282831936832
854 78.8628462538733
855 78.86286403104411
856 78.86288165222143
857 78.86289911873632
858 78.86291643190843
859 78.86293359304597
860 78.86295060344904
861 78.86296746440468
862 78.86298417719158
863 78.86300074307627
864 78.86301716331685
865 78.86303343916043
866 78.86304957184296
867 78.8630655625925
868 78.8630814126252
869 78.86309712315052
870 78.86311269536306
871 78.86312813045097
872 78.86314342959238
873 78.86315859395648
874 78.86317362470089
875 78.86318852297491
876 78.86320328992016
877 78.8632179266649
878 78.86323243433185
879 78.86324681403268
880 78.86326106687007
881 78.8632751939383
882 78.86328919632251
883 78.86330307509867
884 78.86331683133336
885 78.86333046608532
886 78.86334398040393
887 78.86335737533065
888 78.86337065189784
889 78.86338381112786
890 78.86339685403792
891 78.86340978163355
892 78.8634225949148
893 78.86343529487046
894 78.86344788248267
895 78.86346035872619
896 78.86347272456672
897 78.86348498096028
898 78.86349712885942
899 78.86350916920388
900 78.86352110292873
901 78.8635329309594
902 78.8635446542146
903 78.86355627360597
904 78.86356779003515
905 78.8635792043989
906 78.86359051758483
907 78.86360173047379
908 78.86361284393814
909 78.86362385884605
910 78.86363477605313
911 78.86364559641353
912 78.8636563207694
913 78.86366694995905
914 78.86367748481322
915 78.86368792615379
916 78.86369827479676
917 78.86370853155272
918 78.86371869722286
919 78.86372877260456
920 78.8637387584838
921 78.86374865564578
922 78.86375846486443
923 78.86376818691033
924 78.86377782254468
925 78.86378737252444
926 78.86379683759799
927 78.86380621851056
928 78.86381551599773
929 78.86382473079122
930 78.86383386361467
931 78.86384291518611
932 78.86385188621996
933 78.86386077741967
934 78.863869589487
935 78.86387832311642
936 78.86388697899557
937 78.86389555780731
938 78.86390406022801
939 78.86391248692789
940 78.86392083857291
941 78.86392911582227
942 78.86393731932903
943 78.86394544974218
944 78.86395350770427
945 78.86396149385223
946 78.86396940881663
947 78.86397725322563
948 78.8639850277001
949 78.8639927328529
950 78.86400036929682
951 78.8640079376361
952 78.86401543847015
953 78.86402287239447
954 78.86403023999856
955 78.86403754186642
956 78.86404477857661
957 78.86405195070574
958 78.8640590588219
959 78.8640661034887
960 78.86407308526856
961 78.86408000471376
962 78.86408686237628
963 78.86409365879996
964 78.86410039452792
965 78.86410707009262
966 78.86411368602737
967 78.8641202428589
968 78.8641267411098
969 78.86413318129699
970 78.86413956393393
971 78.8641458895296
972 78.86415215858821
973 78.86415837160924
974 78.86416452908868
975 78.86417063151838
976 78.8641766793848
977 78.86418267317143
978 78.86418861335639
979 78.86419450041386
980 78.86420033481521
981 78.86420611702665
982 78.86421184750857
983 78.86421752672186
984 78.86422315511929
985 78.86422873315247
986 78.86423426126564
987 78.86423973990318
988 78.86424516950215
989 78.8642505504991
990 78.86425588332442
991 78.86426116840434
992 78.864266406164
993 78.8642715970222
994 78.86427674139567
995 78.86428183969689
996 78.86428689233429
997 78.86429189971336
998 78.86429686223744
999 78.86430178030263
1000 78.8643066543057
1001 78.86431148463734
1002 78.86431627168449
1003 78.86432101583397
1004 78.86432571746494
1005 78.86433037695708
1006 78.86433499468278
1007 78.86433957101562
1008 78.86434410632258
1009 78.8643486009683
1010 78.86435305531444
1011 78.86435746972023
1012 78.86436184454013
1013 78.86436618012733
1014 78.86437047682973
1015 78.86437473499328
1016 78.86437895496259
1017 78.86438313707724
1018 78.86438728167346
1019 78.8643913890854
1020 78.86439545964501
1021 78.8643994936796
1022 78.86440349151506
1023 78.86440745347404
1024 78.8644113798754
1025 78.86441527103645
1026 78.86441912727216
1027 78.86442294889159
1028 78.864426736205
1029 78.8644304895182
1030 78.8644342091342
1031 78.86443789535235
1032 78.8644415484719
1033 78.8644451687873
1034 78.86444875659186
1035 78.86445231217435
1036 78.86445583582379
1037 78.86445932782398
1038 78.86446278845781
1039 78.86446621800502
1040 78.86446961674241
1041 78.86447298494707
1042 78.86447632288913
1043 78.86447963084017
1044 78.8644829090683
1045 78.86448615783749
1046 78.86448937741257
1047 78.86449256805302
1048 78.8644957300178
1049 78.86449886356294
1050 78.86450196894236
1051 78.86450504640807
1052 78.86450809620854
1053 78.86451111859236
1054 78.86451411380322
1055 78.86451708208536
1056 78.86452002367909
1057 78.86452293882198
1058 78.86452582775176
1059 78.86452869070197
1060 78.86453152790607
1061 78.86453433959265
1062 78.86453712599179
1063 78.86453988732877
1064 78.86454262382726
1065 78.86454533571032
1066 78.86454802319817
1067 78.86455068650847
1068 78.86455332585739
1069 78.86455594146118
1070 78.864558533531
1071 78.86456110227726
1072 78.86456364790936
1073 78.86456617063394
1074 78.86456867065617
1075 78.86457114817917
1076 78.86457360340499
1077 78.86457603653231
1078 78.86457844776065
1079 78.86458083728388
1080 78.864583205299
1081 78.8645855519964
1082 78.86458787756858
1083 78.86459018220387
1084 78.86459246609104
1085 78.86459472941449
1086 78.86459697235964
1087 78.86459919510808
1088 78.8646013978434
1089 78.86460358074146
1090 78.86460574398215
1091 78.86460788774127
1092 78.86461001219449
1093 78.86461211751235
1094 78.86461420386891
1095 78.86461627143262
1096 78.86461832037322
1097 78.86462035085727
1098 78.86462236305043
1099 78.86462435711623
1100 78.86462633321776
1101 78.86462829151581
1102 78.86463023217064
1103 78.86463215534016
1104 78.8646340611817
1105 78.86463594985038
1106 78.86463782149954
1107 78.86463967628349
1108 78.86464151435268
1109 78.86464333585762
1110 78.86464514094625
1111 78.86464692976652
1112 78.86464870246421
1113 78.86465045918455
1114 78.86465220006936
1115 78.8646539252634
1116 78.86465563490661
1117 78.86465732913727
1118 78.86465900809536
1119 78.8646606719166
1120 78.86466232073884
1121 78.86466395469624
1122 78.86466557392032
1123 78.86466717854604
1124 78.86466876870288
1125 78.86467034452221
1126 78.86467190613172
1127 78.86467345365958
1128 78.86467498723157
1129 78.86467650697456
1130 78.8646780130116
1131 78.86467950546658
1132 78.86468098446055
1133 78.8646824501163
1134 78.86468390255207
1135 78.86468534188717
1136 78.86468676823937
1137 78.86468818172557
1138 78.86468958246186
1139 78.86469097056153
1140 78.86469234613882
1141 78.86469370930769
1142 78.86469506017755
1143 78.86469639886045
1144 78.86469772546585
1145 78.8646990401013
1146 78.86470034287622
1147 78.86470163389541
1148 78.86470291326586
1149 78.86470418109232
1150 78.86470543747741
1151 78.86470668252612
1152 78.86470791633818
1153 78.86470913901672
1154 78.86471035066036
1155 78.86471155136917
1156 78.86471274124136
1157 78.86471392037502
1158 78.86471508886538
1159 78.86471624680992
1160 78.86471739430215
1161 78.86471853143604
1162 78.86471965830638
1163 78.8647207750045
1164 78.8647218816221
1165 78.86472297825017
1166 78.86472406497795
1167 78.86472514189522
1168 78.86472620909068
1169 78.86472726665052
1170 78.86472831466205
1171 78.86472935321193
1172 78.86473038238498
1173 78.86473140226585
1174 78.86473241293746
1175 78.86473341448291
1176 78.86473440698536
1177 78.8647353905248
1178 78.86473636518328
1179 78.8647373310398
1180 78.86473828817454
1181 78.8647392366647
1182 78.86474017659036
1183 78.86474110802618
1184 78.86474203105085
1185 78.8647429457381
1186 78.86474385216505
1187 78.86474475040451
1188 78.86474564053104
1189 78.86474652261708
1190 78.8647473967369
1191 78.8647482629596
1192 78.86474912135802
1193 78.86474997200273
1194 78.8647508149629
1195 78.86475165030764
1196 78.86475247810694
1197 78.86475329842773
1198 78.86475411133782
1199 78.86475491690243
1200 78.8647557151902
1201 78.86475650626579
