0 0.0
1 807.907611740581
2 668.6529774964138
3 585.3437334876809
4 527.9889502845352
5 485.4686619954218
6 452.34911342390086
7 425.5980763138871
8 403.39083404868876
9 384.5566393827983
10 368.30857320910525
11 354.09540251341593
12 341.5184758507615
13 330.2811386731503
14 320.15753111038714
15 310.9721094977546
16 302.5860932304645
17 294.88805425462266
18 287.787343896899
19 281.20932762192723
20 275.0919129426134
21 269.3829455051301
22 264.0382467041012
23 259.02010120650846
24 254.29608542278189
25 249.83814399831647
26 245.62185811221408
27 241.62585766145395
28 237.83134662408136
29 234.22171554913763
30 230.7822235923157
31 227.49973526994282
32 224.36250146094832
33 221.35997587255602
34 218.4826605212298
35 215.7219748379033
36 213.07014430872874
37 210.5201052382311
38 208.06542297508864
39 205.70022137922433
40 203.4191217600935
41 201.21718980473878
42 199.08988929310144
43 197.03304159084436
44 195.0427900874969
45 193.11556887805864
46 191.24807510233182
47 189.43724444550097
48 187.68022938121177
49 185.9743798003489
50 184.3172257218302
51 182.70646182526679
52 181.13993358234157
53 179.61562479468608
54 178.1316463722857
55 176.6862262086911
56 175.27770002816624
57 173.90450309610992
58 172.56516269783594
59 171.2582913026948
60 169.98258034072308
61 168.73679452774783
62 167.51976668257876
63 166.33039298645306
64 165.16762864066462
65 164.03048388331518
66 162.91802033048128
67 161.8293476108981
68 160.76362026666524
69 159.7200348953373
70 158.69782751144973
71 157.69627110773422
72 156.71467339834592
73 155.7523747282147
74 154.80874613418186
75 153.88318754503186
76 152.97512610876356
77 152.0840146365637
78 151.2093301539416
79 150.35057255039715
80 149.5072633197407
81 148.67894438396686
82 147.8651769941715
83 147.0655407025915
84 146.27963240040836
85 145.50706541633886
86 144.74746867156003
87 144.0004858868122
88 143.2657748379155
89 142.5430066562577
90 141.8318651710314
91 141.13204629034504
92 140.44325741848672
93 139.76521690689157
94 139.09765353650735
95 138.44030602948965
96 137.79292258824555
97 137.15526046005573
98 136.52708552562768
99 135.90817190999482
100 135.29830161440645
101 134.69726416782797
102 134.10485629686326
103 133.5208816129592
104 132.94515031581497
105 132.37747891204452
106 131.81768994815363
107 131.26561175699212
108 130.72107821688837
109 130.183928522718
110 129.65400696822834
111 129.13116273897194
112 128.61524971522812
113 128.10612628438489
114 127.60365516222457
115 127.10770322263055
116 126.61814133525864
117 126.13484421073248
118 125.65769025296724
119 125.18656141822572
120 124.72134308056503
121 124.2619239033338
122 123.80819571639965
123 123.36005339881525
124 122.91739476664583
125 122.48012046569167
126 122.04813386885796
127 121.62134097794998
128 121.1996503296529
129 120.78297290551637
130 120.37122204572267
131 119.96431336647684
132 119.56216468082522
133 119.164695922748
134 118.77182907438112
135 118.38348809618853
136 117.99959885998565
137 117.62008908464578
138 117.24488827439802
139 116.87392765956467
140 116.50714013966224
141 116.14446022872154
142 115.78582400276592
143 115.43116904931787
144 115.08043441886116
145 114.73356057817419
146 114.39048936544155
147 114.05116394707278
148 113.7155287761532
149 113.38352955246565
150 113.05511318399076
151 112.73022774985213
152 112.40882246462793
153 112.09084764397574
154 111.77625467151478
155 111.46499596691814
156 111.15702495515251
157 110.8522960368372
158 110.55076455965562
159 110.25238679079328
160 109.95711989035048
161 109.66492188569578
162 109.37575164671803
163 109.08956886194558
164 108.80633401549554
165 108.52600836482209
166 108.24855391922353
167 107.97393341909876
168 107.70211031590104
169 107.43304875277686
170 107.1667135458503
171 106.90307016615176
172 106.6420847221371
173 106.38372394279288
174 106.12795516130326
175 105.87474629925114
176 105.62406585134376
177 105.3758828706274
178 105.1301669541908
179 104.88688822932654
180 104.64601734014127
181 104.40752543458576
182 104.17138415190892
183 103.93756561050385
184 103.7060423961379
185 103.47678755055263
186 103.24977456041752
187 103.02497734663528
188 102.80237025396598
189 102.58192804098265
190 102.36362587032235
191 102.14743929924869
192 101.93334427048731
193 101.72131710334585
194 101.51133448509825
195 101.30337346262843
196 101.09741143431943
197 100.89342614218275
198 100.69139566422608
199 100.49129840703232
200 100.29311309857067
201 100.09681878119649
202 99.90239480487713
203 99.70982082058981
204 99.51907677392059
205 99.330142898842
206 99.14299971166973
207 98.95762800518227
208 98.77400884291048
209 98.5921235535873
210 98.41195372574366
211 98.23348120246192
212 98.05668807626978
213 97.88155668416702
214 97.70806960280015
215 97.53620964375406
216 97.3659598489772
217 97.19730348632716
218 97.03022404523482
219 96.86470523247847
220 96.70073096807769
221 96.5382853812831
222 96.3773528066808
223 96.21791778039008
224 96.05996503636084
225 95.90347950276507
226 95.74844629848006
227 95.59485072966339
228 95.44267828640379
229 95.29191463947028
230 95.14254563712733
231 94.99455730203877
232 94.84793582824246
233 94.70266757819637
234 94.55873907990558
235 94.41613702410794
236 94.27484826152939
237 94.13485980021424
238 93.99615880290087
239 93.85873258447394
240 93.72256860946938
241 93.58765448964097
242 93.45397798157597
243 93.32152698437325
244 93.19028953737097
245 93.0602538179218
246 92.9314081392293
247 92.80374094821624
248 92.67724082345704
249 92.55189647314182
250 92.42769673309742
251 92.30463056483849
252 92.18268705367261
253 92.06185540683938
254 91.94212495169056
255 91.82348513391028
256 91.70592551577069
257 91.5894357744251
258 91.47400570023673
259 91.35962519514437
260 91.24628427105573
261 91.13397304827741
262 91.0226817539837
263 90.91240072069272
264 90.80312038480899
265 90.69483128515952
266 90.58752406158311
267 90.48118945353659
268 90.37581829872772
269 90.27140153178263
270 90.16793018292911
271 90.06539537670905
272 89.96378833072019
273 89.86310035437305
274 89.76332284767774
275 89.66444730004915
276 89.56646528913492
277 89.46936847967147
278 89.37314862234716
279 89.27779755270213
280 89.18330719003514
281 89.08966953633796
282 88.99687667524194
283 88.9049207709929
284 88.81379406743063
285 88.72348888700144
286 88.63399762977241
287 88.54531277247634
288 88.45742686756446
289 88.37033254227742
290 88.28402249772992
291 88.1984895080198
292 88.11372641933742
293 88.02972614910206
294 87.94648168510787
295 87.86398608468035
296 87.78223247385468
297 87.70121404656024
298 87.62092406382006
299 87.5413558529642
300 87.4625028068574
301 87.38435838313414
302 87.30691610344516
303 87.2301695527262
304 87.15411237846283
305 87.07873828998079
306 87.00404105773272
307 86.93001451261277
308 86.85665254526319
309 86.78394910540841
310 86.71189820118644
311 86.6404938984922
312 86.56973032034367
313 86.49960164623417
314 86.43010211151591
315 86.36122600677803
316 86.29296767724227
317 86.22532152216061
318 86.15828199422772
319 86.09184359899639
320 86.02600089430435
321 85.9607484897106
322 85.89608104593378
323 85.83199327430167
324 85.76847993621334
325 85.7055358425975
326 85.64315585338751
327 85.58133487700367
328 85.5200678698315
329 85.45934983572218
330 85.39917582548907
331 85.33954093641276
332 85.28044031175669
333 85.22186914028644
334 85.16382265579406
335 85.10629613662715
336 85.04928490523473
337 84.99278432770414
338 84.93678981330994
339 84.88129681407521
340 84.82630082432841
341 84.77179738027255
342 84.71778205955076
343 84.66425048083468
344 84.61119830339786
345 84.55862122670672
346 84.50651499001607
347 84.45487537196017
348 84.403698190165
349 84.35297930084741
350 84.30271459843472
351 84.25290001517419
352 84.20353152076338
353 84.15460512196951
354 84.10611686226305
355 84.05806282145466
356 84.0104391153303
357 83.96324189529975
358 83.91646734804073
359 83.87011169515367
360 83.8241711928155
361 83.77864213144204
362 83.7335208353499
363 83.68880366242641
364 83.64448700380035
365 83.600567283517
366 83.55704095821893
367 83.51390451682602
368 83.4711544802244
369 83.42878740095641
370 83.38679986291223
371 83.34518848102901
372 83.30394990099037
373 83.26308079892604
374 83.22257788112663
375 83.18243788374684
376 83.14265757252288
377 83.10323374248829
378 83.06416321769098
379 83.02544285091645
380 82.98706952341996
381 82.94904014464413
382 82.91135165196087
383 82.87400101039907
384 82.83698521238387
385 82.80030127747948
386 82.76394625212848
387 82.72791720939786
388 82.6922112487311
389 82.65682549569487
390 82.62175710173345
391 82.58700324392962
392 82.55256112475675
393 82.51842797184568
394 82.48460103774424
395 82.45107759968776
396 82.41785495936418
397 82.38493044268775
398 82.35230139957308
399 82.31996520370855
400 82.28791925233453
401 82.2561609660289
402 82.22468778848227
403 82.19349718628835
404 82.1625866487303
405 82.13195368756874
406 82.10159583683357
407 82.07151065261934
408 82.04169571287885
409 82.01214861722009
410 81.98286698671068
411 81.95384846367519
412 81.92509071150027
413 81.89659141444191
414 81.86834827743168
415 81.84035902588565
416 81.81262140551833
417 81.78513318215353
418 81.75789214154415
419 81.73089608918293
420 81.70414285012602
421 81.67763026881171
422 81.65135620888597
423 81.6253185530204
424 81.5995152027458
425 81.5739440782756
426 81.54860311833328
427 81.5234902799905
428 81.49860353849218
429 81.4739408870944
430 81.4495003369005
431 81.42527991669915
432 81.4012776728005
433 81.37749166888135
434 81.35391998582224
435 81.33056072155564
436 81.30741199090869
437 81.28447192545049
438 81.26173867334268
439 81.23921039918397
440 81.21688528386557
441 81.19476152442267
442 81.17283733388895
443 81.15111094115036
444 81.12958059080214
445 81.1082445430089
446 81.08710107336086
447 81.06614847273954
448 81.04538504717306
449 81.02480911770651
450 81.00441902026299
451 80.98421310550832
452 80.96418973872237
453 80.94434729966372
454 80.92468418244273
455 80.90519879538932
456 80.88588956092768
457 80.86675491544915
458 80.8477933091853
459 80.82900320608609
460 80.81038308369457
461 80.79193143302656
462 80.7736467584493
463 80.75552757756097
464 80.73757242107531
465 80.71977983269852
466 80.70214836901927
467 80.68467659938965
468 80.667363105811
469 80.6502064828235
470 80.63320533739062
471 80.61635828879022
472 80.59966396850456
473 80.58312102011091
474 80.56672809917387
475 80.55048387313674
476 80.53438702121814
477 80.51843623430676
478 80.50263021485344
479 80.48696767677399
480 80.4714473453425
481 80.45606795709277
482 80.44082825971596
483 80.42572701196342
484 80.41076298354596
485 80.39593495503982
486 80.38124171778587
487 80.36668207379579
488 80.3522548356577
489 80.33795882644341
490 80.32379287960987
491 80.3097558389151
492 80.2958465583178
493 80.28206390189415
494 80.26840674374473
495 80.25487396790423
496 80.24146446825746
497 80.22817714844682
498 80.21501092179064
499 80.20196471119367
500 80.18903744906457
501 80.17622807722917
502 80.16353554685148
503 80.15095881834637
504 80.13849686129704
505 80.12614865437874
506 80.1139131852775
507 80.10178945060342
508 80.0897764558213
509 80.07787321516425
510 80.06607875156371
511 80.05439209656348
512 80.04281229025334
513 80.03133838118444
514 80.01996942630203
515 80.00870449086365
516 79.99754264837709
517 79.98648298051204
518 79.9755245770428
519 79.96466653576537
520 79.95390796243483
521 79.94324797069103
522 79.93268568198685
523 79.92222022552573
524 79.91185073818669
525 79.90157636446078
526 79.89139625638167
527 79.88130957346036
528 79.87131548261881
529 79.86141315812317
530 79.85160178152283
531 79.84188054158233
532 79.83224863421862
533 79.82270526243917
534 79.81324963627918
535 79.80388097273807
536 79.7945984957207
537 79.78540143597378
538 79.77628903102789
539 79.76726052513625
540 79.758315169216
541 79.74945222078973
542 79.7406709439263
543 79.73197060918649
544 79.72335049355856
545 79.71480988041138
546 79.70634805943004
547 79.6979643265645
548 79.68965798397427
549 79.68142833997138
550 79.67327470896849
551 79.66519641142337
552 79.65719277379004
553 79.64926312845911
554 79.64140681371022
555 79.63362317366081
556 79.62591155821234
557 79.61827132299871
558 79.61070182933977
559 79.60320244418793
560 79.59577254007904
561 79.58841149508491
562 79.58111869276316
563 79.57389352210915
564 79.56673537751037
565 79.55964365869426
566 79.55261777068596
567 79.5456571237593
568 79.53876113339285
569 79.53192922021952
570 79.5251608099885
571 79.51845533351238
572 79.51181222662973
573 79.50523093015437
574 79.49871088983711
575 79.4922515563204
576 79.48585238509487
577 79.47951283645635
578 79.47323237546489
579 79.46701047190287
580 79.46084660023243
581 79.45474023955515
582 79.44869087357053
583 79.44269799053754
584 79.43676108323288
585 79.43087964890992
586 79.42505318926473
587 79.41928121038973
588 79.41356322274169
589 79.40789874109883
590 79.40228728452473
591 79.39672837633226
592 79.39122154404286
593 79.38576631935189
594 79.38036223809115
595 79.3750088401942
596 79.36970566965671
597 79.36445227450504
598 79.35924820675851
599 79.35409302239404
600 79.34898628131288
601 79.34392754730568
602 79.33891638801622
603 79.33395237491199
604 79.32903508324624
605 79.32416409202727
606 79.31933898398519
607 79.31455934553826
608 79.30982476676078
609 79.30513484135402
610 79.30048916660644
611 79.29588734337294
612 79.29132897603625
613 79.2868136724763
614 79.28234104404147
615 79.2779107055199
616 79.27352227510508
617 79.26917537436961
618 79.26486962823182
619 79.26060466493138
620 79.25638011599342
621 79.2521956162086
622 79.24805080359462
623 79.24394531937611
624 79.2398788079515
625 79.23585091686813
626 79.23186129679125
627 79.22790960148016
628 79.22399548775856
629 79.22011861549107
630 79.21627864755078
631 79.21247524979972
632 79.20870809105388
633 79.2049768430696
634 79.20128118050579
635 79.19762078090484
636 79.19399532466421
637 79.19040449501544
638 79.18684797799645
639 79.18332546242644
640 79.17983663988157
641 79.17638120467359
642 79.17295885382185
643 79.1695692870333
644 79.16621220667646
645 79.16288731775688
646 79.15959432789884
647 79.15633294731545
648 79.15310288879417
649 79.14990386766722
650 79.14673560179172
651 79.14359781152838
652 79.1404902197194
653 79.13741255166477
654 79.13436453510212
655 79.13134590018609
656 79.12835637946577
657 79.1253957078649
658 79.12246362265888
659 79.11955986345512
660 79.11668417217528
661 79.11383629303103
662 79.1110159725057
663 79.10822295933554
664 79.10545700448438
665 79.10271786113381
666 79.10000528465444
667 79.09731903259151
668 79.09465886464459
669 79.09202454264876
670 79.08941583055604
671 79.08683249441594
672 79.08427430235902
673 79.0817410245755
674 79.0792324333003
675 79.07674830279358
676 79.07428840932205
677 79.07185253114307
678 79.0694404484875
679 79.0670519435394
680 79.06468680042339
681 79.0623448051809
682 79.0600257457624
683 79.05772941200208
684 79.05545559560704
685 79.0532040901365
686 79.05097469099044
687 79.04876719538856
688 79.0465814023576
689 79.04441711271339
690 79.04227412904713
691 79.04015225570662
692 79.03805129878675
693 79.03597106610539
694 79.03391136719732
695 79.03187201329322
696 79.02985281730592
697 79.02785359381657
698 79.02587415906058
699 79.0239143309106
700 79.02197392886497
701 79.02005277403164
702 79.01815068911287
703 79.0162674983957
704 79.01440302773288
705 79.01255710453188
706 79.01072955774123
707 79.0089202178356
708 79.00712891680291
709 79.0053554881314
710 79.00359976679891
711 79.00186158925321
712 79.00014079340501
713 78.99843721861491
714 78.99675070567316
715 78.9950810967988
716 78.99342823561862
717 78.99179196715558
718 78.99017213782184
719 78.98856859539947
720 78.98698118903313
721 78.98540976921632
722 78.98385418778204
723 78.98231429788477
724 78.98078995399675
725 78.97928101188914
726 78.97778732862709
727 78.97630876255369
728 78.97484517328016
729 78.97339642167489
730 78.9719623698526
731 78.97054288116323
732 78.9691378201799
733 78.96774705269097
734 78.96637044568324
735 78.9650078673419
736 78.96365918702779
737 78.96232427527788
738 78.96100300378478
739 78.95969524539592
740 78.95840087409822
741 78.95711976500701
742 78.95585179436175
743 78.954596839508
744 78.95335477889515
745 78.9521254920639
746 78.95090885963481
747 78.94970476330099
748 78.94851308581677
749 78.94733371099298
750 78.94616652368208
751 78.94501140976999
752 78.94386825616859
753 78.94273695080919
754 78.94161738262737
755 78.94050944155786
756 78.93941301852524
757 78.9383280054369
758 78.9372542951706
759 78.93619178156814
760 78.93514035942742
761 78.93409992449173
762 78.93307037344557
763 78.93205160390124
764 78.93104351439226
765 78.93004600437028
766 78.92905897418841
767 78.92808232509998
768 78.9271159592468
769 78.92615977965326
770 78.92521369021945
771 78.92427759570921
772 78.92335140174671
773 78.92243501480797
774 78.9215283422112
775 78.92063129211142
776 78.9197437734955
777 78.91886569616668
778 78.91799697074568
779 78.91713750865962
780 78.91628722213717
781 78.91544602419698
782 78.91461382864524
783 78.91379055006779
784 78.91297610382111
785 78.91217040602758
786 78.9113733735684
787 78.91058492407518
788 78.90980497592597
789 78.90903344823796
790 78.90827026085725
791 78.90751533435889
792 78.90676859003561
793 78.90602994989226
794 78.90529933664108
795 78.90457667369391
796 78.90386188515772
797 78.90315489582427
798 78.90245563117026
799 78.9017640173473
800 78.90107998117533
801 78.90040345014114
802 78.89973435238427
803 78.89907261670099
804 78.89841817253335
805 78.89777094996066
806 78.89713087970105
807 78.8964978930995
808 78.8958719221255
809 78.89525289936658
810 78.89464075802228
811 78.89403543190116
812 78.89343685541242
813 78.89284496356133
814 78.89225969194509
815 78.89168097674737
816 78.89110875473064
817 78.89054296323627
818 78.88998354017261
819 78.88943042401694
820 78.8888835538038
821 78.88834286912537
822 78.88780831012284
823 78.88727981748517
824 78.88675733244037
825 78.88624079675293
826 78.88573015271788
827 78.88522534315823
828 78.88472631141818
829 78.88423300135977
830 78.88374535735466
831 78.88326332428858
832 78.88278684754384
833 78.88231587300781
834 78.8818503470587
835 78.881390216566
836 78.88093542888629
837 78.8804859318547
838 78.88004167378871
839 78.87960260347441
840 78.87916867016743
841 78.8787398235893
842 78.87831601392232
843 78.87789719180414
844 78.87748330832461
845 78.87707431502308
846 78.87667016388316
847 78.8762708073274
848 78.87587619821679
849 78.87548628984318
850 78.87510103592848
851 78.87472039061922
852 78.87434430848177
853 78.87397274450358
854 78.87360565408018
855 78.8732429930218
856 78.87288471754323
857 78.87253078426203
858 78.87218115019473
859 78.87183577275333
860 78.87149460974294
861 78.87115761935641
862 78.8708247601717
863 78.87049599114833
864 78.8701712716242
865 78.86985056131186
866 78.86953382029563
867 78.86922100902864
868 78.86891208832783
869 78.86860701937252
870 78.86830576369972
871 78.8680082832025
872 78.86771454012626
873 78.8674244970632
874 78.86713811695496
875 78.86685536308177
876 78.86657619906703
877 78.86630058886831
878 78.86602849677853
879 78.86575988741981
880 78.86549472574187
881 78.86523297702176
882 78.86497460685544
883 78.86471958115881
884 78.86446786616305
885 78.86421942841446
886 78.8639742347695
887 78.86373225239146
888 78.86349344874677
889 78.86325779160748
890 78.86302524904436
891 78.86279578942333
892 78.86256938140636
893 78.86234599394396
894 78.8621255962799
895 78.86190815794184
896 78.86169364874021
897 78.8614820387691
898 78.86127329839981
899 78.8610673982788
900 78.86086430932875
901 78.8606640027418
902 78.86046644998058
903 78.8602716227709
904 78.86007949310685
905 78.85989003324053
906 78.85970321568729
907 78.85951901321361
908 78.85933739884676
909 78.85915834586261
910 78.85898182778848
911 78.85880781839964
912 78.85863629171547
913 78.85846722200252
914 78.85830058376315
915 78.85813635174304
916 78.85797450092508
917 78.85781500652281
918 78.85765784398673
919 78.85750298899528
920 78.85735041745626
921 78.85720010550561
922 78.85705202950041
923 78.85690616602292
924 78.85676249187395
925 78.85662098407435
926 78.85648161985974
927 78.85634437668223
928 78.85620923220421
929 78.85607616430006
930 78.8559451510535
931 78.85581617075437
932 78.85568920189671
933 78.8555642231785
934 78.85544121349926
935 78.8553201519572
936 78.85520101785082
937 78.85508379066992
938 78.85496845010266
939 78.8548549760286
940 78.8547433485159
941 78.85463354782358
942 78.85452555439808
943 78.85441934887041
944 78.85431491205506
945 78.8542122249498
946 78.8541112687334
947 78.85401202476245
948 78.85391447457056
949 78.85381859986815
950 78.85372438253881
951 78.8536318046397
952 78.85354084839717
953 78.85345149621064
954 78.8533637306416
955 78.85327753442307
956 78.85319289045104
957 78.85310978178485
958 78.85302819164595
959 78.85294810341463
960 78.8528695006333
961 78.85279236700079
962 78.85271668636932
963 78.85264244274889
964 78.8525696203008
965 78.85249820334002
966 78.85242817633164
967 78.85235952388747
968 78.85229223077195
969 78.85222628189145
970 78.85216166229823
971 78.85209835719009
972 78.85203635190564
973 78.85197563192688
974 78.85191618287325
975 78.85185799050375
976 78.85180104071517
977 78.85174531953925
978 78.85169081314392
979 78.85163750783035
980 78.8515853900317
981 78.85153444631308
982 78.85148466336904
983 78.8514360280226
984 78.85138852722574
985 78.85134214805612
986 78.85129687771531
987 78.85125270353318
988 78.85120961295817
989 78.8511675935629
990 78.85112663304088
991 78.851086719205
992 78.8510478399863
993 78.85100998343434
994 78.85097313771458
995 78.85093729110821
996 78.85090243200892
997 78.8508685489265
998 78.85083563048241
999 78.8508036654085
1000 78.850772642546
1001 78.85074255084757
1002 78.85071337937245
1003 78.85068511728839
1004 78.85065775386752
1005 78.85063127848923
1006 78.85060568063636
1007 78.85058094989434
1008 78.85055707595234
1009 78.8505340486004
1010 78.85051185772951
1011 78.85049049332835
1012 78.8504699454874
1013 78.8504502043931
1014 78.85043126032677
1015 78.85041310367107
1016 78.85039572489877
1017 78.85037911457897
1018 78.8503632633743
1019 78.85034816204008
1020 78.85033380142116
1021 78.85032017245607
1022 78.85030726617057
1023 78.85029507368293
1024 78.85028358619685
1025 78.8502727950037
1026 78.8502626914841
1027 78.85025326710172
1028 78.85024451340652
1029 78.85023642203308
1030 78.85022898469902
1031 78.85022219320534
1032 78.85021603943432
1033 78.85021051534905
1034 78.85020561299571
1035 78.85020132449586
1036 78.8501976420549
1037 78.85019455795289
1038 78.85019206455004
1039 78.85019015428081
1040 78.85018881965776
