0 1 499
0.1 1.0407100406915704 498.9592899593084
0.2 1.083072886521314 498.91692711347866
0.30000000000000004 1.1271552665295608 498.87284473347046
0.4 1.1730265727717974 498.8269734272282
0.5 1.2207589640128818 498.7792410359871
0.6000000000000001 1.270427473243387 498.7295725267566
0.7000000000000001 1.3221101191406888 498.6778898808593
0.8 1.3758880215997369 498.62411197840026
0.9 1.4318455214606491 498.5681544785393
1.0 1.490070304562346 498.5099296954377
1.1 1.5506535302533446 498.4493464697467
1.2000000000000002 1.6136899644925597 498.38631003550745
1.3 1.6792781176744702 498.32072188232553
1.4000000000000001 1.74752038731428 498.2524796126857
1.5 1.8185232057297012 498.1814767942703
1.6 1.8923971928566716 498.10760280714334
1.7000000000000002 1.96925731433666 498.0307426856633
1.8 2.0492230450131625 497.95077695498685
1.9000000000000001 2.1324185379745106 497.8675814620255
2.0 2.2189727992791397 497.78102720072087
2.1 2.309019868497972 497.69098013150204
2.2 2.4026990052064576 497.59730099479356
2.3000000000000003 2.5001548815560826 497.49984511844394
2.4000000000000004 2.601537781051664 497.39846221894834
2.5 2.7070038036564976 497.2929961963435
2.6 2.816715077342283 497.1832849226577
2.7 2.9308399761946595 497.06916002380535
2.8000000000000003 3.0495533451780674 496.9504466548219
2.9000000000000004 3.1730367316553743 496.8269632683446
3.0 3.3014786237482023 496.6985213762518
3.1 3.435074695613052 496.564925304387
3.2 3.574028079982436 496.42597192001756
3.3000000000000003 3.71854956815182 496.28145043184816
3.4000000000000004 3.868857934139538 496.13114206586044
3.5 4.025180189301612 495.97481981069836
3.6 4.187751862824051 495.81224813717597
3.7 4.356817289262631 495.6431827107374
3.8000000000000003 4.532629903080892 495.4673700969191
3.9000000000000004 4.71545254011056 495.28454745988944
4.0 4.905557745829494 495.09444225417053
4.1000000000000005 5.103228090320205 494.8967719096798
4.2 5.308756489736863 494.6912435102631
4.3 5.52244653407032 494.4775534659297
4.4 5.7446128209587375 494.25538717904124
4.5 5.975581295245742 494.0244187047543
4.6000000000000005 6.2156895939383725 493.78431040606165
4.7 6.465287396163228 493.5347126038368
4.800000000000001 6.724736777660837 493.27526322233916
4.9 6.99441256929522 493.0055874307048
5.0 7.274702718987489 492.7252972810125
5.1000000000000005 7.566008656409002 492.433991343591
5.2 7.86874565969071 492.1312543403093
5.300000000000001 8.183343223320625 491.8166567766794
5.4 8.510245426310636 491.48975457368937
5.5 8.849911299616817 491.1500887003832
5.6000000000000005 9.20281519169374 490.79718480830627
5.7 9.569447130952895 490.4305528690471
5.800000000000001 9.950313183777846 490.04968681622216
5.9 10.345935806624064 489.6540641933759
6.0 10.756854190599324 489.2431458094007
6.1000000000000005 11.183624596780914 488.81637540321907
6.2 11.626820680378687 488.37317931962133
6.300000000000001 12.087033801698002 487.912966198302
6.4 12.564873321694028 487.43512667830595
6.5 13.060966879738592 486.9390331202614
6.6000000000000005 13.575960651043017 486.42403934895697
6.7 14.110519580995414 485.8894804190046
6.800000000000001 14.665327593478901 485.3346724065211
6.9 15.241087770038758 484.75891222996125
7.0 15.838522496562057 484.16147750343794
7.1000000000000005 16.458373573923538 483.54162642607645
7.2 17.101402288837257 482.8985977111627
7.300000000000001 17.768389440935817 482.23161055906417
7.4 18.46013532187896 481.53986467812103
7.5 19.177459642072353 480.82254035792766
7.6000000000000005 19.921201400357123 480.0787985996429
7.7 20.692218691812812 479.3077813081872
7.800000000000001 21.491388448603267 478.5086115513967
7.9 22.319606108588477 477.68039389141154
8.0 23.177785206228606 476.8222147937714
8.1 24.066856880121914 475.9331431198781
8.200000000000001 24.987769291349498 475.0122307086505
8.3 25.9414869466501 474.0585130533499
8.4 26.928989920321683 473.07101007967833
8.5 27.95127296864707 472.04872703135294
8.6 29.00934453057348 470.99065546942654
8.700000000000001 30.104225608344784 469.8957743916552
8.8 31.23694852179636 468.76305147820364
8.9 32.4085555300805 467.5914444699195
9.0 33.62009731470171 466.3799026852983
9.1 34.87263131791154 465.12736868208844
9.200000000000001 36.16721993074798 463.832780069252
9.3 37.50492852531165 462.49507147468836
9.4 38.88682332625579 461.1131766737442
9.5 40.31396911693639 459.6860308830636
9.600000000000001 41.78742677622836 458.21257322377164
9.700000000000001 43.308250642670004 456.69174935732997
9.8 44.87748570335661 455.1225142966434
9.9 46.49616460586988 453.50383539413014
10.0 48.165304492507936 451.8346955074921
10.100000000000001 49.88590365717476 450.11409634282523
10.200000000000001 51.658938026500024 448.34106197349996
10.3 53.485357468093376 446.51464253190665
10.4 55.3660819302901 444.6339180697099
10.5 57.30199741931762 442.6980025806824
10.600000000000001 59.29395182150036 440.70604817849966
10.700000000000001 61.34275057991947 438.6572494200805
10.8 63.44915223684646 436.55084776315357
10.9 65.61386385526542 434.38613614473456
11.0 67.83753633487578 432.1624636651242
11.100000000000001 70.12075964011065 429.87924035988937
11.200000000000001 72.46405795989688 427.5359420401031
11.3 74.86788482110146 425.1321151788985
11.4 77.33261817983039 422.6673818201696
11.5 79.85855551694458 420.1414444830554
11.600000000000001 82.4459089663025 417.5540910336975
11.700000000000001 85.09480050629959 414.9051994937004
11.8 87.8052572472148 412.1947427527852
11.9 90.57720684865897 409.422793151341
12.0 93.41047310300986 406.58952689699015
12.100000000000001 96.30477172207485 403.69522827792514
12.200000000000001 99.25970636530607 400.7402936346939
12.3 102.27476494866364 397.72523505133637
12.4 105.34931627364321 394.65068372635676
12.5 108.48260701601788 391.5173929839821
12.600000000000001 111.67375911345815 388.3262408865419
12.700000000000001 114.921767590357 385.07823240964296
12.8 118.22549885687695 381.7745011431231
12.9 121.58368951743077 378.4163104825692
13.0 124.99494572149757 375.0050542785024
13.100000000000001 128.45774308685418 371.5422569131458
13.200000000000001 131.97042722197264 368.0295727780274
13.3 135.53121486422924 364.46878513577076
13.4 139.1381956850962 360.8618043149038
13.5 142.78933470870538 357.2106652912946
13.600000000000001 146.48247542258915 353.5175245774109
13.700000000000001 150.21534354747195 349.78465645252805
13.8 153.9855514711447 346.01444852885527
13.9 157.79060333788783 342.20939666211217
14.0 161.62790077875624 338.37209922124373
14.100000000000001 165.4947492618218 334.50525073817823
14.200000000000001 169.38836503527327 330.6116349647267
14.3 173.30588263019195 326.69411736980805
14.4 177.2443628839419 322.7556371160581
14.5 181.2008014395337 318.79919856046627
14.600000000000001 185.17213767112398 314.827862328876
14.700000000000001 189.15526398108926 310.84473601891074
14.8 193.1470354099385 306.8529645900615
14.9 197.14427949661695 302.85572050338305
15.0 201.14380632498734 298.85619367501266
15.100000000000001 205.14241868717673 294.8575813128233
15.200000000000001 209.13692229622447 290.8630777037755
15.3 213.12413598149902 286.875864018501
15.4 217.1009017921007 282.8990982078993
15.5 221.0640949451318 278.93590505486816
15.600000000000001 225.01063355066603 274.98936644933394
15.700000000000001 228.93748805014567 271.0625119498543
15.8 232.8416903078705 267.1583096921295
15.9 236.7203422991577 263.27965770084234
16.0 240.5706243432514 259.42937565674856
16.1 244.38980283406337 255.61019716593663
16.2 248.17523742725376 251.82476257274624
16.3 251.9243876479235 248.0756123520765
16.400000000000002 255.6348188891953 244.3651811108047
16.5 259.3042077781189 240.6957922218811
16.6 262.93034689155587 237.06965310844413
16.7 266.5111488177541 233.48885118224592
16.8 270.04464952560147 229.95535047439853
16.900000000000002 273.5290111056085 226.4709888943915
17.0 276.96252382829044 223.03747617170956
17.1 280.3436075609061 219.6563924390939
17.2 283.67081255357715 216.32918744642285
17.3 286.94281961593083 213.05718038406917
17.400000000000002 290.15843970944024 209.84156029055976
17.5 293.31661298417805 206.68338701582195
17.6 296.41640729174037 203.58359270825963
17.7 299.4570162086262 200.54298379137379
17.8 302.4377566063775 197.5622433936225
17.900000000000002 305.35806580630566 194.64193419369434
18.0 308.2174983576672 191.78250164233282
18.1 311.0157224787251 188.98427752127492
18.2 313.7525162002776 186.24748379972237
18.3 316.42776325097407 183.57223674902593
18.400000000000002 319.0414487231133 180.95855127688668
18.5 321.5936545566657 178.40634544333432
18.6 324.0845548780141 175.9154451219859
18.7 326.5144112284167 173.4855887715833
18.8 328.88356771548507 171.11643228451493
18.900000000000002 331.19244611909704 168.80755388090296
19.0 333.4415409811466 166.5584590188534
19.1 335.6314147064228 164.3685852935772
19.200000000000003 337.7626926997294 162.23730730027057
19.3 339.83605856214155 160.16394143785845
19.400000000000002 341.8522493670731 158.1477506329269
19.5 343.8120510346236 156.1879489653764
19.6 345.7162938205062 154.28370617949378
19.700000000000003 347.56584793375185 152.43415206624815
19.8 349.36161929535183 150.63838070464817
19.900000000000002 351.10454544805793 148.89545455194207
20.0 352.7955916257142 147.20440837428578
20.1 354.4357469887583 145.5642530112417
20.200000000000003 356.02602103090857 143.97397896909143
20.3 357.5674401605477 142.43255983945232
20.400000000000002 359.0610444589298 140.9389555410702
20.5 360.5078846160743 139.4921153839257
20.6 361.90901904406485 138.09098095593515
20.700000000000003 363.265511166445 136.73448883355502
20.8 364.5784268814887 135.42157311851128
20.900000000000002 365.8488321963197 134.15116780368032
21.0 367.077791028154 132.92220897184598
21.1 368.26636316834123 131.73363683165877
21.200000000000003 369.4156024043701 130.58439759562992
21.3 370.5265547945868 129.4734452054132
21.400000000000002 371.600257090033 128.39974290996702
21.5 372.6377352975451 127.36226470245492
21.6 373.64000337806016 126.35999662193984
21.700000000000003 374.608062073937 125.39193792606301
21.8 375.54289785902057 124.45710214097943
21.900000000000002 376.4454820051489 123.5545179948511
22.0 377.31676975881305 122.68323024118695
22.1 378.1576996217353 121.84230037826472
22.200000000000003 378.96919272921576 121.03080727078424
22.3 379.75215232021344 120.24784767978656
22.400000000000002 380.507463293268 119.49253670673198
22.5 381.2359918425297 118.7640081574703
22.6 381.9385851683429 118.06141483165709
22.700000000000003 382.616071257021 117.38392874297898
22.8 383.2692587246522 116.73074127534778
22.900000000000002 383.89893671998743 116.10106328001257
23.0 384.50587488167724 115.49412511832276
23.1 385.09082334534395 114.90917665465605
23.200000000000003 385.6545127961959 114.34548720380411
23.3 386.19765456311245 113.80234543688755
23.400000000000002 386.72094075034573 113.27905924965427
23.5 387.2250444032018 112.77495559679818
23.6 387.710619704276 112.28938029572402
23.700000000000003 388.1783021970231 111.82169780297693
23.8 388.62870903364495 111.37129096635505
23.900000000000002 389.0624392444728 110.93756075552722
24.0 389.4800740262086 110.51992597379137
24.1 389.8821770465728 110.11782295342721
24.200000000000003 390.2692947630763 109.73070523692371
24.3 390.6419567538038 109.35804324619619
24.400000000000002 391.00067605825086 108.99932394174914
24.5 391.3459495264091 108.65405047359093
24.6 391.67825817443713 108.32174182556287
24.700000000000003 391.99806754538935 108.00193245461065
24.8 392.3058280736018 107.69417192639821
24.900000000000002 392.60197545145735 107.39802454854265
25.0 392.88693099736304 107.11306900263696
25.1 393.1611020238809 106.83889797611909
25.200000000000003 393.4248822050525 106.57511779494752
25.3 393.6786519420506 106.32134805794942
25.400000000000002 393.9227787263801 106.0772212736199
25.5 394.15761749992976 105.84238250007024
25.6 394.38351101125295 105.61648898874705
25.700000000000003 394.6007901675264 105.39920983247362
25.8 394.80977438170015 105.19022561829985
25.900000000000002 395.0107719144126 104.9892280855874
26.0 395.2040802103007 104.79591978969933
26.1 395.38998622838625 104.61001377161375
26.200000000000003 395.5687667662671 104.43123323373288
26.3 395.7406887778846 104.2593112221154
26.400000000000002 395.90600968468004 104.09399031531996
26.5 396.0649776799881 103.93502232001191
26.6 396.2178320265486 103.78216797345141
26.700000000000003 396.36480334704976 103.63519665295024
26.8 396.50611390764135 103.49388609235865
26.900000000000002 396.6419778943836 103.35802210561639
27.0 396.77260168261836 103.22739831738164
27.1 396.89818408002935 103.10181591997065
27.200000000000003 397.018916641064 102.98108335893602
27.3 397.1349838545075 102.86501614549252
27.400000000000002 397.2465634055584 102.75343659444161
27.5 397.3538264102662 102.64617358973379
27.6 397.4569376431765 102.5430623568235
27.700000000000003 397.5560557582748 102.4439442417252
27.8 397.65133350332945 102.34866649667055
27.900000000000002 397.7429179277416 102.25708207225841
28.0 397.83095058401614 102.16904941598386
28.1 397.91556772297474 102.08443227702526
28.200000000000003 397.9969004828343 102.00309951716571
28.3 398.0750750722801 101.92492492771993
28.400000000000002 398.1502129476646 101.84978705233539
28.5 398.22243098446626 101.77756901553374
28.6 398.2918416431432 101.70815835685681
28.700000000000003 398.35855312951907 101.64144687048093
28.8 398.42266954983864 101.57733045016136
28.900000000000002 398.4842910606301 101.51570893936992
29.0 398.5435140135124 101.45648598648762
29.1 398.60043109508393 101.39956890491607
29.200000000000003 398.6551314620294 101.34486853797063
29.3 398.70770087157854 101.29229912842146
29.400000000000002 398.75822180745195 101.24177819254805
29.5 398.80677360142414 101.19322639857586
29.6 398.8534325506353 101.14656744936468
29.700000000000003 398.898272030779 101.10172796922097
29.8 398.94136260529183 101.05863739470817
29.900000000000002 398.98277213066876 101.01722786933124
30.0 399.0225658580258 100.97743414197419
30.1 399.0608065310277 100.93919346897229
30.200000000000003 399.0975544802981 100.90244551970193
30.3 399.13286771442495 100.86713228557505
30.400000000000002 399.1668020076728 100.8331979923272
30.5 399.1994109845096 100.8005890154904
30.6 399.23074620105444 100.76925379894556
30.700000000000003 399.26085722354867 100.73914277645133
30.8 399.2897917039506 100.71020829604942
30.900000000000002 399.3175954527517 100.68240454724832
31.0 399.3443125091091 100.6556874908909
31.1 399.3699852083863 100.63001479161369
31.200000000000003 399.39465424719185 100.60534575280815
31.3 399.4183587460032 100.58164125399679
31.400000000000002 399.4411363094598 100.55886369054019
31.5 399.4630230844075 100.5369769155925
31.6 399.4840538157736 100.51594618422638
31.700000000000003 399.50426190034966 100.49573809965034
31.8 399.523679438556 100.47632056144403
31.900000000000002 399.5423372842608 100.45766271573922
32.0 399.5602650927237 100.43973490727632
32.1 399.5774913667305 100.4225086332695
32.2 399.5940435009857 100.40595649901428
32.300000000000004 399.6099478248254 100.39005217517462
32.4 399.6252296433115 100.37477035668849
32.5 399.6399132767675 100.36008672323248
32.6 399.6540220988116 100.3459779011884
32.7 399.6675785729432 100.33242142705677
32.800000000000004 399.68060428773623 100.31939571226377
32.9 399.6931199906897 100.3068800093103
33.0 399.705145620787 100.294854379213
33.1 399.71670033980996 100.28329966019004
33.2 399.72780256245557 100.27219743754443
33.300000000000004 399.73846998529905 100.26153001470095
33.4 399.74871961464686 100.25128038535314
33.5 399.758567793321 100.24143220667901
33.6 399.7680302264149 100.23196977358509
33.7 399.7771220060595 100.22287799394047
33.800000000000004 399.7858576352365 100.21414236476352
33.9 399.79425105067503 100.20574894932497
34.0 399.8023156448666 100.19768435513339
34.1 399.81006428723094 100.18993571276906
34.2 399.81750934446575 100.18249065553425
34.300000000000004 399.82466270011054 100.17533729988946
34.4 399.83153577335514 100.16846422664486
34.5 399.83813953712115 100.16186046287885
34.6 399.8444845354441 100.15551546455589
34.7 399.8505809001833 100.14941909981673
34.800000000000004 399.85643836708425 100.14356163291575
34.9 399.8620662912197 100.13793370878028
35.0 399.86747366183164 100.13252633816836
35.1 399.8726691165981 100.1273308834019
35.2 399.87766095534676 100.12233904465324
35.300000000000004 399.8824571532361 100.11754284676391
35.4 399.887065373425 100.112934626575
35.5 399.8914929792503 100.1085070207497
35.6 399.8957470459313 100.10425295406873
35.7 399.899834371819 100.100165628181
35.800000000000004 399.9037614892086 100.09623851079141
35.9 399.9075346747308 100.09246532526919
36.0 399.9111599593394 100.08884004066061
36.1 399.9146431379096 100.0853568620904
36.2 399.9179897784633 100.08201022153668
36.300000000000004 399.92120523103483 100.07879476896517
36.4 399.924294636191 100.07570536380899
36.5 399.92726293321994 100.07273706678006
36.6 399.93011486800015 100.06988513199985
36.7 399.93285500056317 100.06714499943683
36.800000000000004 399.9354877123613 100.0645122876387
36.9 399.93801721325167 100.06198278674833
37.0 399.9404475680219 100.05955243197809
37.1 399.9427826418461 100.05721735815388
37.2 399.9450261691211 100.05497383087891
37.300000000000004 399.94718173796014 100.05281826203986
37.4 399.9492527959169 100.05074720408311
37.5 399.95124265548606 100.04875734451394
37.6 399.953154499389 100.04684550061103
37.7 399.95499138565293 100.04500861434707
37.800000000000004 399.9567562524919 100.04324374750809
37.9 399.95845192299674 100.04154807700326
38.0 399.9600811096419 100.03991889035808
38.1 399.9616464186164 100.0383535813836
38.2 399.9631503539848 100.03684964601518
38.300000000000004 399.9645953216865 100.03540467831351
38.400000000000006 399.9659836333777 100.03401636662232
38.5 399.9673175101237 100.03268248987632
38.6 399.9685990859467 100.03140091405328
38.7 399.96983041123497 100.03016958876503
38.800000000000004 399.97101345601806 100.02898654398194
38.900000000000006 399.9721501131147 100.02784988688529
39.0 399.97324220115723 100.02675779884277
39.1 399.9742914674973 100.02570853250268
39.2 399.9752995909986 100.02470040900141
39.300000000000004 399.9762681847196 100.02373181528043
39.400000000000006 399.97719879849177 100.02280120150823
39.5 399.9780929213968 100.02190707860319
39.6 399.97895198414665 100.02104801585335
39.7 399.97977736137057 100.02022263862943
39.800000000000004 399.98057037381267 100.01942962618733
39.900000000000006 399.9813322904433 100.01866770955672
40.0 399.98206433048784 100.01793566951216
40.1 399.9827676653762 100.01723233462383
40.2 399.9834434206154 100.0165565793846
40.300000000000004 399.98409267758973 100.01590732241027
40.400000000000006 399.98471647528964 100.01528352471036
40.5 399.9853158119733 100.0146841880267
40.6 399.9858916467628 100.01410835323719
40.7 399.9864449011783 100.01355509882171
40.800000000000004 399.98697646061146 100.01302353938854
40.900000000000006 399.9874871757418 100.01251282425818
41.0 399.9879778638972 100.01202213610281
41.1 399.9884493103608 100.0115506896392
41.2 399.98890226962766 100.01109773037234
41.300000000000004 399.989337466611 100.010662533389
41.400000000000006 399.9897555978023 100.01024440219771
41.5 399.9901573323849 100.00984266761509
41.6 399.9905433133049 100.0094566866951
41.7 399.9909141582994 100.0090858417006
41.800000000000004 399.9912704608849 100.00872953911511
41.900000000000006 399.9916127913066 100.00838720869342
42.0 399.9919416974509 100.0080583025491
42.1 399.9922577057218 100.00774229427822
42.2 399.99256132188304 100.00743867811696
42.300000000000004 399.99285303186747 100.00714696813253
42.400000000000006 399.99313330255427 100.00686669744573
42.5 399.99340258251607 100.00659741748393
42.6 399.9936613027367 100.00633869726329
42.7 399.99390987730067 100.00609012269933
42.800000000000004 399.9941487040558 100.00585129594418
42.900000000000006 399.9943781652498 100.00562183475017
43.0 399.99459862814183 100.00540137185817
43.1 399.99481044559013 100.00518955440987
43.2 399.9950139566169 100.0049860433831
43.300000000000004 399.99520948695044 100.00479051304956
43.400000000000006 399.9953973495467 100.00460265045331
43.5 399.9955778450897 100.00442215491029
43.6 399.9957512624731 100.0042487375269
43.7 399.99591787926215 100.00408212073785
43.800000000000004 399.99607796213803 100.00392203786197
43.900000000000006 399.9962317673247 100.00376823267533
44.0 399.9963795409986 100.00362045900141
44.1 399.99652151968303 100.00347848031697
44.2 399.99665793062644 100.00334206937356
44.300000000000004 399.996788992166 100.00321100783401
44.400000000000006 399.9969149140772 100.0030850859228
44.5 399.9970358979094 100.00296410209057
44.6 399.9971521373087 100.00284786269128
44.7 399.99726381832744 100.00273618167256
44.800000000000004 399.9973711197221 100.00262888027788
44.900000000000006 399.99747421323957 100.00252578676043
45.0 399.99757326389175 100.00242673610825
45.1 399.9976684302198 100.00233156978021
45.2 399.9977598645478 100.00224013545221
45.300000000000004 399.9978477132266 100.00215228677342
45.400000000000006 399.99793211686796 100.00206788313204
45.5 399.99801321056975 100.00198678943025
45.6 399.9980911241319 100.00190887586808
45.7 399.9981659822644 100.00183401773558
45.800000000000004 399.99823790478683 100.00176209521317
45.900000000000006 399.99830700681997 100.00169299318003
46.0 399.99837339897033 100.00162660102967
46.1 399.99843718750685 100.00156281249315
46.2 399.99849847453135 100.00150152546865
46.300000000000004 399.99855735814157 100.00144264185843
46.400000000000006 399.99861393258846 100.00138606741154
46.5 399.9986682884269 100.00133171157307
46.6 399.9987205126608 100.00127948733922
46.7 399.99877068888196 100.00122931111804
46.800000000000004 399.99881887773563 100.00118112226437
46.900000000000006 399.99886517759717 100.00113482240283
47.0 399.9989096625142 100.00109033748578
47.1 399.99895240363185 100.00104759636815
47.2 399.99899346930624 100.00100653069376
47.300000000000004 399.9990329252141 100.00096707478588
47.400000000000006 399.99907083445777 100.00092916554223
47.5 399.9991072576658 100.0008927423342
47.6 399.9991422530903 100.00085774690967
47.7 399.99917587669995 100.00082412330005
47.800000000000004 399.9992081822694 100.0007918177306
47.900000000000006 399.9992392214655 100.00076077853453
48.0 399.9992690439296 100.00073095607041
48.1 399.9992976973573 100.00070230264271
48.2 399.9993252275745 100.0006747724255
48.300000000000004 399.99935167861076 100.00064832138924
48.400000000000006 399.9993770927697 100.00062290723031
48.5 399.9994015106966 100.0005984893034
48.6 399.9994249714436 100.0005750285564
48.7 399.9994475125319 100.0005524874681
48.800000000000004 399.99946917001193 100.00053082998807
48.900000000000006 399.99948997852096 100.00051002147904
49.0 399.99950997133845 100.00049002866155
49.1 399.9995291804394 100.00047081956058
49.2 399.99954763654534 100.00045236345466
49.300000000000004 399.9995653691735 100.00043463082648
49.400000000000006 399.99958240668417 100.00041759331583
49.5 399.99959877632574 100.00040122367426
49.6 399.9996145042786 100.00038549572139
49.7 399.9996296156969 100.0003703843031
49.800000000000004 399.9996441347487 100.00035586525132
49.900000000000006 399.99965808465464 100.00034191534536
50.0 399.9996714877252 100.00032851227479
50.1 399.9996843653962 100.0003156346038
50.2 399.9996967382633 100.00030326173669
50.300000000000004 399.99970862611474 100.00029137388526
50.400000000000006 399.9997200479631 100.00027995203692
50.5 399.99973102207554 100.00026897792446
50.6 399.99974156600337 100.00025843399663
50.7 399.99975169660974 100.00024830339026
50.800000000000004 399.99976143009684 100.00023856990316
50.900000000000006 399.9997707820317 100.0002292179683
51.0 399.99977976737114 100.00022023262886
51.1 399.9997884004856 100.00021159951439
51.2 399.99979669518234 100.00020330481766
51.300000000000004 399.9998046647273 100.00019533527268
51.400000000000006 399.99981232186644 100.00018767813356
51.5 399.99981967884594 100.00018032115406
51.6 399.9998267474321 100.00017325256789
51.7 399.9998335389299 100.00016646107008
51.800000000000004 399.99984006420124 100.00015993579876
51.900000000000006 399.99984633368217 100.00015366631783
52.0 399.9998523573996 100.00014764260038
52.1 399.9998581449875 100.00014185501249
52.2 399.9998637057021 100.00013629429787
52.300000000000004 399.99986904843684 100.00013095156316
52.400000000000006 399.9998741817365 100.00012581826348
52.5 399.99987911381095 100.00012088618905
52.6 399.9998838525482 100.00011614745182
52.7 399.99988840552703 100.00011159447297
52.800000000000004 399.9998927800292 100.0001072199708
52.900000000000006 399.999896983051 100.00010301694903
53.0 399.9999010213144 100.00009897868563
53.1 399.99990490127794 100.00009509872206
53.2 399.999908629147 100.000091370853
53.300000000000004 399.9999122108837 100.00008778911632
53.400000000000006 399.9999156522163 100.00008434778368
53.5 399.9999189586488 100.00008104135122
53.6 399.99992213546915 100.00007786453085
53.7 399.9999251877582 100.00007481224179
53.800000000000004 399.99992812039756 100.00007187960244
53.900000000000006 399.9999309380775 100.00006906192249
54.0 399.9999336453044 100.0000663546956
54.1 399.999936246408 100.00006375359197
54.2 399.99993874554843 100.00006125445157
54.300000000000004 399.99994114672256 100.00005885327744
54.400000000000006 399.9999434537707 100.0000565462293
54.5 399.9999456703826 100.0000543296174
54.6 399.9999478001033 100.00005219989669
54.7 399.999949846339 100.000050153661
54.800000000000004 399.99995181236227 100.00004818763773
54.900000000000006 399.99995370131745 100.00004629868255
55.0 399.9999555162256 100.00004448377439
55.1 399.9999572599894 100.0000427400106
55.2 399.9999589353977 100.00004106460233
55.300000000000004 399.9999605451299 100.00003945487009
55.400000000000006 399.99996209176066 100.00003790823934
55.5 399.99996357776354 100.00003642223646
55.6 399.9999650055151 100.0000349944849
55.7 399.9999663772988 100.00003362270121
55.800000000000004 399.99996769530856 100.00003230469144
55.900000000000006 399.99996896165237 100.00003103834763
56.0 399.9999701783555 100.00002982164449
56.1 399.9999713473639 100.0000286526361
56.2 399.99997247054716 100.00002752945284
56.300000000000004 399.9999735497016 100.00002645029838
56.400000000000006 399.99997458655326 100.00002541344674
56.5 399.9999755827603 100.00002441723967
56.6 399.99997655944986 100.00002344055014
56.7 399.9999774970718 100.00002250292818
56.800000000000004 399.9999783971889 100.0000216028111
56.900000000000006 399.9999792613013 100.00002073869871
57.0 399.9999800908492 100.00001990915081
57.1 399.9999808872152 100.0000191127848
57.2 399.99998165172656 100.00001834827344
57.300000000000004 399.99998238565746 100.00001761434254
57.400000000000006 399.9999830902311 100.00001690976887
57.5 399.9999837666219 100.00001623337812
57.6 399.999984415957 100.00001558404301
57.7 399.9999850393187 100.00001496068131
57.800000000000004 399.9999856377459 100.00001436225409
57.900000000000006 399.9999862122361 100.00001378776392
58.0 399.9999867637466 100.00001323625338
58.1 399.99998729319674 100.00001270680326
58.2 399.9999878014689 100.00001219853112
58.300000000000004 399.9999882894101 100.00001171058989
58.400000000000006 399.9999887578337 100.0000112421663
58.5 399.99998920752034 100.00001079247966
58.6 399.9999896392195 100.0000103607805
58.7 399.9999900536507 100.00000994634928
58.800000000000004 399.9999904515047 100.00000954849531
58.900000000000006 399.9999908334445 100.00000916655551
59.0 399.9999912001067 100.0000087998933
59.1 399.9999915521024 100.00000844789759
59.2 399.9999918900183 100.0000081099817
59.300000000000004 399.99999221441755 100.00000778558245
59.400000000000006 399.99999252584087 100.00000747415913
59.5 399.99999282480724 100.00000717519276
59.6 399.99999311181494 100.00000688818506
59.7 399.99999338734233 100.00000661265767
59.800000000000004 399.9999936518486 100.00000634815137
59.900000000000006 399.99999390577466 100.00000609422534
60.0 399.9999941495437 100.00000585045632
60.1 399.99999438356195 100.00000561643805
60.2 399.9999946082195 100.00000539178052
60.300000000000004 399.9999948238907 100.00000517610931
60.400000000000006 399.99999503093505 100.00000496906495
60.5 399.9999952296977 100.00000477030233
60.6 399.9999954205098 100.00000457949022
60.7 399.9999956036894 100.0000043963106
60.800000000000004 399.99999577954185 100.00000422045815
60.900000000000006 399.99999594836015 100.00000405163985
61.0 399.99999611042574 100.00000388957426
61.1 399.99999626600874 100.00000373399126
61.2 399.9999964153684 100.0000035846316
61.300000000000004 399.99999655875365 100.00000344124635
61.400000000000006 399.9999966964035 100.00000330359649
61.5 399.99999682854735 100.00000317145265
61.6 399.99999695540544 100.00000304459456
61.7 399.9999970771892 100.00000292281078
61.800000000000004 399.99999719410164 100.00000280589836
61.900000000000006 399.9999973063376 100.0000026936624
62.0 399.9999974140841 100.00000258591592
62.1 399.99999751752074 100.00000248247926
62.2 399.9999976168199 100.00000238318012
62.300000000000004 399.9999977121471 100.00000228785291
62.400000000000006 399.9999978036612 100.00000219633881
62.5 399.99999789151474 100.00000210848526
62.6 399.99999797585417 100.00000202414583
62.7 399.99999805682 100.00000194318
62.800000000000004 399.9999981345472 100.00000186545282
62.900000000000006 399.9999982091653 100.00000179083469
63.0 399.9999982807987 100.0000017192013
63.1 399.99999834956674 100.00000165043326
63.2 399.99999841558406 100.00000158441594
63.300000000000004 399.9999984789607 100.00000152103928
63.400000000000006 399.9999985398023 100.00000146019772
63.5 399.9999985982102 100.0000014017898
63.6 399.9999986542818 100.0000013457182
63.7 399.9999987081105 100.00000129188948
63.800000000000004 399.9999987597861 100.00000124021392
63.900000000000006 399.99999880939464 100.00000119060536
64.0 399.99999885701885 100.00000114298115
64.10000000000001 399.9999989027381 100.00000109726187
64.2 399.9999989466286 100.00000105337142
64.3 399.9999989887634 100.00000101123658
64.4 399.99999902921286 100.00000097078714
64.5 399.99999906804436 100.00000093195564
64.60000000000001 399.9999991053226 100.00000089467738
64.7 399.9999991411097 100.0000008588903
64.8 399.9999991754653 100.00000082453471
64.9 399.9999992084467 100.0000007915533
65.0 399.9999992401088 100.00000075989118
65.10000000000001 399.9999992705045 100.00000072949553
65.2 399.9999992996843 100.0000007003157
65.3 399.9999993276969 100.00000067230309
65.4 399.999999354589 100.00000064541098
65.5 399.9999993804055 100.00000061959452
65.60000000000001 399.99999940518927 100.00000059481073
65.7 399.9999994289817 100.00000057101829
65.8 399.9999994518224 100.00000054817758
65.9 399.99999947374954 100.00000052625046
66.0 399.99999949479957 100.00000050520043
66.10000000000001 399.9999995150076 100.00000048499243
66.2 399.99999953440727 100.00000046559273
66.3 399.999999553031 100.00000044696901
66.4 399.9999995709097 100.00000042909028
66.5 399.99999958807336 100.00000041192664
66.60000000000001 399.99999960455045 100.00000039544955
66.7 399.99999962036844 100.00000037963156
66.8 399.9999996355537 100.0000003644463
66.9 399.99999965013154 100.00000034986846
67.0 399.9999996641263 100.00000033587372
67.10000000000001 399.9999996775612 100.00000032243878
67.2 399.99999969045876 100.00000030954124
67.3 399.9999997028404 100.0000002971596
67.4 399.99999971472675 100.00000028527325
67.5 399.9999997261377 100.00000027386233
67.60000000000001 399.99999973709214 100.00000026290786
67.7 399.99999974760846 100.00000025239154
67.8 399.99999975770413 100.00000024229587
67.9 399.999999767396 100.00000023260401
68.0 399.9999997767002 100.00000022329982
68.10000000000001 399.99999978563216 100.00000021436784
68.2 399.9999997942069 100.00000020579313
68.3 399.9999998024386 100.0000001975614
68.4 399.9999998103411 100.00000018965892
68.5 399.99999981792746 100.00000018207254
68.60000000000001 399.99999982521035 100.00000017478965
68.7 399.9999998322019 100.00000016779808
68.8 399.9999998389138 100.00000016108618
68.9 399.99999984535725 100.00000015464275
69.0 399.99999985154295 100.00000014845705
69.10000000000001 399.9999998574812 100.00000014251879
69.2 399.999999863182 100.00000013681802
69.3 399.9999998686547 100.0000001313453
69.4 399.9999998739085 100.00000012609149
69.5 399.99999987895217 100.00000012104783
69.60000000000001 399.9999998837941 100.00000011620591
69.7 399.99999988844235 100.00000011155765
69.8 399.99999989290467 100.00000010709533
69.9 399.9999998971885 100.0000001028115
70.0 399.99999990130095 100.00000009869905
70.10000000000001 399.9999999052489 100.0000000947511
70.2 399.99999990903893 100.00000009096107
70.3 399.99999991267737 100.00000008732263
70.4 399.9999999161703 100.00000008382972
70.5 399.9999999195235 100.00000008047652
70.60000000000001 399.9999999227425 100.00000007725748
70.7 399.9999999258328 100.00000007416719
70.8 399.9999999287995 100.00000007120047
70.9 399.99999993164755 100.00000006835245
71.0 399.99999993438166 100.00000006561834
71.10000000000001 399.9999999370064 100.00000006299359
71.2 399.99999993952616 100.00000006047384
71.3 399.99999994194513 100.00000005805487
71.4 399.9999999442673 100.0000000557327
71.5 399.9999999464966 100.00000005350341
71.60000000000001 399.99999994863674 100.00000005136326
71.7 399.9999999506913 100.00000004930871
71.8 399.99999995266364 100.00000004733636
71.9 399.9999999545571 100.0000000454429
72.0 399.99999995637484 100.00000004362516
72.10000000000001 399.9999999581198 100.00000004188018
72.2 399.99999995979505 100.00000004020495
72.3 399.99999996140326 100.00000003859674
72.4 399.99999996294713 100.00000003705287
72.5 399.99999996442926 100.00000003557074
72.60000000000001 399.9999999658521 100.00000003414789
72.7 399.999999967218 100.000000032782
72.8 399.99999996852927 100.00000003147073
72.9 399.9999999697881 100.00000003021188
73.0 399.9999999709966 100.00000002900339
73.10000000000001 399.99999997215673 100.00000002784327
73.2 399.99999997327046 100.00000002672954
73.3 399.99999997433963 100.00000002566037
73.4 399.99999997536605 100.00000002463395
73.5 399.99999997635143 100.00000002364857
73.60000000000001 399.99999997729736 100.00000002270264
73.7 399.9999999782055 100.0000000217945
73.8 399.9999999790773 100.0000000209227
73.9 399.9999999799142 100.00000002008579
74.0 399.99999998071763 100.00000001928237
74.10000000000001 399.99999998148894 100.00000001851106
74.2 399.9999999822294 100.00000001777062
74.3 399.9999999829402 100.00000001705979
74.4 399.9999999836226 100.00000001637738
74.5 399.99999998427774 100.00000001572226
74.60000000000001 399.99999998490665 100.00000001509335
74.7 399.9999999855104 100.00000001448961
74.8 399.99999998608996 100.00000001391004
74.9 399.99999998664634 100.00000001335366
75.0 399.9999999871805 100.0000000128195
75.10000000000001 399.9999999876933 100.00000001230671
75.2 399.99999998818555 100.00000001181445
75.3 399.99999998865815 100.00000001134185
75.4 399.9999999891118 100.00000001088819
75.5 399.99999998954735 100.00000001045265
75.60000000000001 399.99999998996543 100.00000001003457
75.7 399.9999999903668 100.0000000096332
75.8 399.99999999075214 100.00000000924786
75.9 399.9999999911221 100.00000000887792
76.0 399.9999999914772 100.00000000852282
76.10000000000001 399.9999999918181 100.00000000818193
76.2 399.9999999921454 100.00000000785462
76.3 399.99999999245955 100.00000000754045
76.4 399.99999999276116 100.00000000723884
76.5 399.9999999930507 100.00000000694928
76.60000000000001 399.9999999933287 100.00000000667131
76.7 399.99999999359557 100.00000000640443
76.80000000000001 399.99999999385176 100.00000000614824
76.9 399.9999999940977 100.00000000590228
77.0 399.9999999943338 100.00000000566621
77.10000000000001 399.9999999945604 100.00000000543957
77.2 399.999999994778 100.00000000522198
77.30000000000001 399.9999999949869 100.00000000501308
77.4 399.99999999518747 100.00000000481253
77.5 399.99999999538 100.00000000462
77.60000000000001 399.9999999955648 100.00000000443521
77.7 399.9999999957422 100.0000000042578
77.80000000000001 399.9999999959125 100.0000000040875
77.9 399.999999996076 100.00000000392401
78.0 399.99999999623293 100.00000000376707
78.10000000000001 399.9999999963836 100.00000000361638
78.2 399.9999999965283 100.00000000347171
78.30000000000001 399.99999999666716 100.00000000333284
78.4 399.99999999680045 100.00000000319955
78.5 399.9999999969284 100.00000000307159
78.60000000000001 399.99999999705125 100.00000000294875
78.7 399.9999999971692 100.0000000028308
78.80000000000001 399.99999999728243 100.00000000271757
78.9 399.9999999973911 100.00000000260889
79.0 399.9999999974955 100.00000000250452
79.10000000000001 399.99999999759564 100.00000000240436
79.2 399.9999999976918 100.00000000230818
79.30000000000001 399.99999999778413 100.00000000221587
79.4 399.99999999787275 100.00000000212725
79.5 399.99999999795784 100.00000000204216
79.60000000000001 399.9999999980395 100.00000000196047
79.7 399.99999999811797 100.00000000188203
79.80000000000001 399.99999999819323 100.00000000180677
79.9 399.9999999982655 100.00000000173452
80.0 399.9999999983349 100.00000000166511
80.10000000000001 399.9999999984015 100.0000000015985
80.2 399.99999999846546 100.00000000153454
80.30000000000001 399.99999999852685 100.00000000147315
80.4 399.9999999985858 100.00000000141421
80.5 399.99999999864235 100.00000000135765
80.60000000000001 399.99999999869664 100.00000000130336
80.7 399.99999999874876 100.00000000125124
80.80000000000001 399.9999999987988 100.00000000120122
80.9 399.9999999988468 100.00000000115318
81.0 399.9999999988929 100.00000000110708
81.10000000000001 399.9999999989372 100.0000000010628
81.2 399.9999999989797 100.00000000102028
81.30000000000001 399.99999999902053 100.00000000097947
81.4 399.9999999990597 100.0000000009403
81.5 399.9999999990973 100.00000000090267
81.60000000000001 399.9999999991334 100.00000000086658
81.7 399.9999999991681 100.0000000008319
81.80000000000001 399.99999999920135 100.00000000079865
81.9 399.9999999992333 100.0000000007667
82.0 399.999999999264 100.00000000073601
82.10000000000001 399.99999999929344 100.00000000070656
82.2 399.9999999993217 100.00000000067831
82.30000000000001 399.9999999993488 100.0000000006512
82.4 399.99999999937484 100.00000000062516
82.5 399.99999999939985 100.00000000060015
82.60000000000001 399.99999999942384 100.00000000057616
82.7 399.99999999944686 100.00000000055314
82.80000000000001 399.99999999946897 100.00000000053103
82.9 399.9999999994902 100.00000000050977
83.0 399.99999999951064 100.00000000048936
83.10000000000001 399.9999999995302 100.00000000046981
83.2 399.999999999549 100.000000000451
83.30000000000001 399.999999999567 100.00000000043298
83.4 399.99999999958436 100.00000000041564
83.5 399.99999999960096 100.00000000039904
83.60000000000001 399.99999999961693 100.00000000038307
83.7 399.9999999996323 100.00000000036772
83.80000000000001 399.999999999647 100.000000000353
83.9 399.9999999996611 100.0000000003389
84.0 399.9999999996746 100.00000000032537
84.10000000000001 399.99999999968765 100.00000000031235
84.2 399.99999999970015 100.00000000029985
84.30000000000001 399.99999999971214 100.00000000028786
84.4 399.9999999997237 100.00000000027632
84.5 399.9999999997347 100.00000000026529
84.60000000000001 399.99999999974534 100.00000000025466
84.7 399.9999999997555 100.00000000024448
84.80000000000001 399.9999999997653 100.0000000002347
84.9 399.9999999997747 100.00000000022533
85.0 399.9999999997837 100.00000000021629
85.10000000000001 399.99999999979235 100.00000000020765
85.2 399.99999999980065 100.00000000019935
85.30000000000001 399.9999999998086 100.00000000019139
85.4 399.9999999998163 100.00000000018372
85.5 399.9999999998236 100.00000000017639
85.60000000000001 399.99999999983066 100.00000000016934
85.7 399.9999999998374 100.00000000016257
85.80000000000001 399.9999999998439 100.00000000015609
85.9 399.99999999985016 100.00000000014984
86.0 399.9999999998562 100.00000000014381
86.10000000000001 399.9999999998619 100.00000000013807
86.2 399.99999999986744 100.00000000013256
86.30000000000001 399.9999999998727 100.00000000012727
86.4 399.99999999987784 100.00000000012216
86.5 399.99999999988273 100.00000000011727
86.60000000000001 399.99999999988745 100.00000000011255
86.7 399.99999999989194 100.00000000010806
86.80000000000001 399.99999999989626 100.00000000010374
86.9 399.9999999999004 100.00000000009959
87.0 399.9999999999044 100.00000000009561
87.10000000000001 399.9999999999082 100.0000000000918
87.2 399.9999999999119 100.00000000008811
87.30000000000001 399.9999999999154 100.00000000008458
87.4 399.9999999999188 100.00000000008117
87.5 399.99999999992207 100.00000000007793
87.60000000000001 399.9999999999252 100.0000000000748
87.7 399.9999999999282 100.0000000000718
87.80000000000001 399.9999999999311 100.0000000000689
87.9 399.99999999993383 100.00000000006617
88.0 399.9999999999365 100.0000000000635
88.10000000000001 399.99999999993906 100.00000000006094
88.2 399.9999999999415 100.00000000005849
88.30000000000001 399.99999999994384 100.00000000005616
88.4 399.9999999999461 100.00000000005389
88.5 399.9999999999483 100.00000000005173
88.60000000000001 399.9999999999503 100.00000000004968
88.7 399.9999999999523 100.00000000004769
88.80000000000001 399.99999999995424 100.00000000004576
88.9 399.99999999995606 100.00000000004394
89.0 399.9999999999578 100.00000000004218
89.10000000000001 399.9999999999595 100.00000000004047
89.2 399.9999999999611 100.00000000003888
89.30000000000001 399.99999999996265 100.00000000003735
89.4 399.99999999996413 100.00000000003587
89.5 399.99999999996555 100.00000000003445
89.60000000000001 399.9999999999669 100.00000000003308
89.7 399.9999999999682 100.00000000003178
89.80000000000001 399.9999999999695 100.00000000003052
89.9 399.99999999997067 100.00000000002933
90.0 399.99999999997186 100.00000000002814
90.10000000000001 399.999999999973 100.000000000027
90.2 399.9999999999741 100.00000000002592
90.30000000000001 399.9999999999751 100.0000000000249
90.4 399.9999999999761 100.00000000002387
90.5 399.9999999999771 100.00000000002291
90.60000000000001 399.999999999978 100.000000000022
90.7 399.99999999997885 100.00000000002115
90.80000000000001 399.9999999999797 100.0000000000203
90.9 399.9999999999805 100.0000000000195
91.0 399.9999999999813 100.0000000000187
91.10000000000001 399.99999999998204 100.00000000001796
91.2 399.9999999999828 100.00000000001722
91.30000000000001 399.99999999998346 100.00000000001654
91.4 399.99999999998414 100.00000000001586
91.5 399.99999999998477 100.00000000001523
91.60000000000001 399.9999999999854 100.00000000001461
91.7 399.99999999998596 100.00000000001404
91.80000000000001 399.9999999999865 100.00000000001347
91.9 399.99999999998704 100.00000000001296
92.0 399.99999999998755 100.00000000001245
92.10000000000001 399.99999999998806 100.00000000001194
92.2 399.9999999999885 100.00000000001148
92.30000000000001 399.999999999989 100.00000000001103
92.4 399.9999999999894 100.00000000001057
92.5 399.9999999999899 100.00000000001012
92.60000000000001 399.9999999999903 100.00000000000972
92.7 399.9999999999907 100.00000000000932
92.80000000000001 399.9999999999911 100.00000000000892
92.9 399.9999999999914 100.00000000000858
93.0 399.99999999999176 100.00000000000824
93.10000000000001 399.9999999999921 100.0000000000079
93.2 399.99999999999244 100.00000000000756
93.30000000000001 399.9999999999927 100.00000000000728
93.4 399.999999999993 100.00000000000699
93.5 399.9999999999933 100.00000000000671
93.60000000000001 399.9999999999936 100.00000000000642
93.7 399.99999999999386 100.00000000000614
93.80000000000001 399.9999999999941 100.00000000000591
93.9 399.9999999999943 100.00000000000568
94.0 399.99999999999454 100.00000000000546
94.10000000000001 399.99999999999477 100.00000000000523
94.2 399.999999999995 100.000000000005
94.30000000000001 399.9999999999952 100.00000000000477
94.4 399.9999999999954 100.0000000000046
94.5 399.99999999999557 100.00000000000443
94.60000000000001 399.99999999999574 100.00000000000426
94.7 399.9999999999959 100.00000000000409
94.80000000000001 399.9999999999961 100.00000000000392
94.9 399.99999999999625 100.00000000000375
95.0 399.9999999999964 100.00000000000358
95.10000000000001 399.9999999999966 100.00000000000341
95.2 399.9999999999967 100.0000000000033
95.30000000000001 399.9999999999968 100.00000000000318
95.4 399.99999999999693 100.00000000000307
95.5 399.99999999999704 100.00000000000296
95.60000000000001 399.99999999999716 100.00000000000284
95.7 399.99999999999727 100.00000000000273
95.80000000000001 399.9999999999974 100.00000000000261
95.9 399.9999999999975 100.0000000000025
96.0 399.9999999999976 100.00000000000239
96.10000000000001 399.9999999999977 100.00000000000227
96.2 399.99999999999784 100.00000000000216
96.30000000000001 399.99999999999795 100.00000000000205
96.4 399.999999999998 100.00000000000199
96.5 399.99999999999807 100.00000000000193
96.60000000000001 399.9999999999981 100.00000000000188
96.7 399.9999999999982 100.00000000000182
96.80000000000001 399.99999999999824 100.00000000000176
96.9 399.9999999999983 100.0000000000017
97.0 399.99999999999835 100.00000000000165
97.10000000000001 399.9999999999984 100.00000000000159
97.2 399.99999999999847 100.00000000000153
97.30000000000001 399.9999999999985 100.00000000000148
97.4 399.9999999999986 100.00000000000142
97.5 399.99999999999864 100.00000000000136
97.60000000000001 399.9999999999987 100.00000000000131
97.7 399.99999999999875 100.00000000000125
97.80000000000001 399.9999999999988 100.0000000000012
97.9 399.99999999999886 100.00000000000114
98.0 399.9999999999989 100.00000000000108
98.10000000000001 399.999999999999 100.00000000000102
98.2 399.99999999999903 100.00000000000097
98.30000000000001 399.9999999999991 100.00000000000091
98.4 399.99999999999915 100.00000000000085
98.5 399.9999999999992 100.0000000000008
98.60000000000001 399.99999999999926 100.00000000000074
98.7 399.9999999999993 100.00000000000068
98.80000000000001 399.9999999999993 100.00000000000068
98.9 399.9999999999993 100.00000000000068
99.0 399.9999999999993 100.00000000000068
99.10000000000001 399.9999999999993 100.00000000000068
99.2 399.9999999999993 100.00000000000068
99.30000000000001 399.9999999999993 100.00000000000068
99.4 399.9999999999993 100.00000000000068
99.5 399.9999999999993 100.00000000000068
99.60000000000001 399.9999999999993 100.00000000000068
99.7 399.9999999999993 100.00000000000068
99.80000000000001 399.9999999999993 100.00000000000068
99.9 399.9999999999993 100.00000000000068
100.0 399.9999999999993 100.00000000000068
